Accel:Gryo:Quarternion:LinearAccel:Gravity
(3.23, 6.4, 6.73):(0.0916298, 0.115628, 0.107992):(0.881836, 0.29657, -0.25354, -0.264893):(0.39, -0.17, -0.12):(2.84, 6.44, 6.82)
(4.5, 6.89, 6.23):(0.154898, -1.14319, -0.019635):(0.859131, 0.289856, -0.313477, -0.282043):(0.76, 0.54, -0.13):(3.67, 6.61, 6.23)
(4.06, 6.42, 5.97):(0.149444, -0.234529, -0.191986):(0.841064, 0.290955, -0.345337, -0.297791):(-0.12, -0.3, 0.33):(3.99, 6.81, 5.8)
(4.64, 7.14, 5.79):(0.958841, -1.21955, -0.608684):(0.771423, 0.319275, -0.421448, -0.354065):(-0.03, -0.25, 0.67):(4.15, 7.75, 4.32)
(3.93, 7.73, -1.78):(1.24464, -1.5348, 0.285798):(0.534607, 0.36377, -0.67572, -0.353943):(-0.82, -0.86, 0.23):(4.55, 8.47, -1.9)
(1.29, 7.21, -3.25):(0.445059, -2.24711, -1.37554):(0.307556, 0.37262, -0.77417, -0.408936):(-0.66, -0.64, 1.44):(1.68, 8.45, -4.67)
(-6.58, 7.42, -6.64):(0.0523599, -2.27329, -1.54462):(-0.0119629, 0.39093, -0.760864, -0.517822):(-1.8, -0.62, -0.33):(-4.14, 7.63, -4.54)
(-9.42, 4.56, -3.54):(-0.0589049, -2.47837, -1.23155):(-0.299133, 0.370667, -0.660217, -0.58075):(-0.89, -1.01, -1.55):(-8.09, 5.34, -1.43)
(-7.7, 5.23, -0.45):(0.282525, 0.279253, 0.194168):(-0.487183, 0.311218, -0.544128, -0.608032):(1.15, 1.69, -2.84):(-8.9, 3.54, 2.05)
(-10.47, 5.96, -4.99):(0.817033, 3.59211, 1.64716):(-0.282471, 0.342346, -0.730347, -0.519287):(-2.49, 0.99, -1.61):(-7.33, 5.63, -3.26)
(-3.01, 6.2, -6.21):(0.268345, 3.61938, 1.86205):(0.155212, 0.348572, -0.862488, -0.332397):(-2.99, -0.52, 1.1):(0.71, 6.65, -7.16)
(5.24, 3.36, -3.55):(0.197441, 1.13992, 1.08101):(0.451782, 0.256226, -0.839844, -0.157715):(-0.68, -0.16, 1.95):(6.64, 4.86, -5.31)
(5.13, 4.25, -4.06):(-0.630501, -2.00822, -0.890119):(0.403809, 0.257324, -0.850891, -0.216187):(-0.56, -0.79, 1.62):(5.64, 5.64, -5.69)
(-0.97, 6.12, -6.85):(-0.919571, -2.10749, -1.73006):(0.143799, 0.327637, -0.84137, -0.405029):(0.07, -1.95, 1.08):(-0.22, 7.6, -6.18)
(-6.45, 6.0, -4.77):(0.212712, -1.97986, -1.76169):(-0.131958, 0.367676, -0.757874, -0.522522):(-1.25, -0.08, -1.35):(-5.72, 6.81, -4.11)
(-8.7, 5.2, 0.69):(-0.529053, -1.38208, -0.542143):(-0.428711, 0.323914, -0.595459, -0.597229):(0.68, 0.47, -0.02):(-8.8, 4.25, 0.79)
(-8.23, 3.99, 0.49):(0.233438, 0.617411, 0.349066):(-0.435974, 0.327087, -0.5578, -0.625977):(0.15, -0.03, -1.24):(-8.77999, 4.05, 1.6)
(-8.95, 6.18, -3.07):(0.740674, 2.68454, 1.321):(-0.277344, 0.347778, -0.71283, -0.542236):(-1.35, 0.89, -0.81):(-7.43, 5.76, -2.77)
(-3.09, 6.68, -7.14):(0.457058, 2.69654, 1.60243):(0.0580444, 0.353333, -0.848389, -0.389832):(-0.92, -0.49, 0.32):(-1.45, 6.89, -6.81)
(4.98, 4.14, -3.29):(-0.169079, 1.45626, 1.1781):(0.393677, 0.27771, -0.850403, -0.211548):(-0.43, -1.53, 2.59):(5.55, 5.62, -5.8)
(5.5, 4.94, -3.8):(-0.250891, -0.878119, -0.622865):(0.43042, 0.239319, -0.840149, -0.227051):(-0.56, -0.38, 1.26):(5.94, 5.8, -5.2)
(2.07, 6.31, -4.26):(-0.580322, -1.54025, -1.12028):(0.270386, 0.277527, -0.859375, -0.333618):(-1.22, -0.78, 1.04):(2.56, 7.15, -6.19)
(-2.64, 7.01, -6.09):(-0.278162, -1.72024, -1.07883):(0.041687, 0.320801, -0.838013, -0.439453):(-0.56, -0.47, -0.11):(-2.25, 7.47, -5.93)
(-6.79, 6.09, -3.14):(0.110174, -1.53371, -0.794125):(-0.252075, 0.332886, -0.74707, -0.517212):(-0.41, -0.43, -0.36):(-7.16, 5.87, -3.21)
(-8.7, 4.01, -0.19):(-0.630501, -1.06574, -0.469058):(-0.414124, 0.308167, -0.62738, -0.583008):(0.08, -0.47, 0.02):(-8.61, 4.67, 0.22)
(-7.59, 4.67, 0.11):(0.238892, 0.434151, 0.195259):(-0.43634, 0.309509, -0.597229, -0.597656):(0.65, 0.08, -1.18):(-8.73, 4.37, 0.87)
(-8.9, 6.42, -3.85):(0.486511, 2.45328, 1.27845):(-0.279846, 0.325073, -0.735657, -0.524231):(-1.28, 0.51, -0.59):(-7.23, 5.86, -3.07)
(-2.32, 6.46, -6.82):(0.118901, 2.53946, 1.61007):(0.115112, 0.316345, -0.86554, -0.370789):(-1.98, -0.54, 0.02):(-0.07, 7.0, -6.85)
(4.12, 4.93, -4.21):(-0.256345, 1.78569, 1.16064):(0.383301, 0.248657, -0.856995, -0.238403):(-1.14, -0.94, 1.59):(5.44, 5.83, -5.7)
(5.58, 4.54, -4.12):(-0.198531, -0.848667, -0.381791):(0.450989, 0.21344, -0.8396, -0.214905):(-0.94, -0.88, 0.78):(6.45, 5.46, -4.96)
(2.09, 7.37, -5.89):(-0.398154, -1.297, -1.4519):(0.290894, 0.240662, -0.861694, -0.33905):(-1.22, 0.27, 0.0):(3.14, 7.17, -5.89)
(-4.43, 6.48, -6.1):(-0.232347, -2.00822, -1.25555):(-0.0361938, 0.311218, -0.815247, -0.487061):(-0.23, -0.02, 0.08):(-3.55, 7.56, -5.12)
(-7.97, 7.65, -3.08):(0.461422, -1.54353, -1.18028):(-0.2547, 0.326538, -0.726624, -0.548157):(-0.82, 1.47, -0.44):(-7.24, 6.1, -2.54)
(-7.97, 3.91, 0.94):(-0.921753, -1.21846, -0.52469):(-0.4245, 0.307068, -0.601013, -0.603577):(0.45, -0.58, 0.07):(-8.65, 4.5, 0.99)
(-8.27999, 4.41, 1.04):(0.548688, 0.549779, 0.293434):(-0.44104, 0.309326, -0.57428, -0.616394):(0.25, 0.4, -0.39):(-8.7, 4.3, 1.38)
(-8.65, 6.12, -2.37):(0.483238, 2.23511, 1.32645):(-0.27948, 0.324341, -0.71936, -0.547058):(-1.15, 0.31, -0.29):(-7.42, 5.94, -2.4)
(-3.7, 7.25, -5.5):(0.477784, 2.52855, 1.3559):(0.0117798, 0.322815, -0.846375, -0.423523):(-1.21, 0.15, 0.78):(-2.23, 7.11, -6.36)
(1.37, 5.53, -6.97):(-0.0250891, 1.5108, 1.17592):(0.272034, 0.277222, -0.869568, -0.304993):(-0.33, -0.92, 1.03):(2.98, 6.68, -6.53)
(4.47, 5.39, -3.59):(-0.206167, -0.477784, -0.250891):(0.429688, 0.197205, -0.840698, -0.263977):(-1.72, -0.8, 0.8):(6.02, 6.04, -4.84)
(2.71, 6.62, -5.15):(-0.28907, -1.37008, -1.28173):(0.282227, 0.221313, -0.862732, -0.356506):(-0.51, -0.63, 0.59):(3.05, 7.3, -5.77)
(-1.88, 6.68, -4.09):(-0.618501, -1.50971, -1.26318):(0.0740356, 0.265991, -0.830383, -0.484009):(-0.82, -1.55, 0.51):(-1.48, 8.26, -5.05)
(-6.05, 6.65, -2.48):(-0.925025, -1.38099, -1.21082):(-0.153076, 0.316467, -0.759949, -0.546692):(-0.94, -1.76, -0.7):(-5.67, 7.19, -3.48)
(-9.41, 4.75, 0.2):(-0.164716, -1.297, -0.898845):(-0.397278, 0.310303, -0.631409, -0.589233):(-0.6, 0.25, 0.39):(-8.54, 4.8, 0.21)
(-8.9, 4.34, 1.32):(-0.303251, 0.203986, 0.00654499):(-0.462646, 0.311523, -0.556213, -0.616028):(-0.04, -0.19, -0.92):(-8.81, 3.89, 1.83)
(-8.03, 5.14, -0.04):(0.551961, 0.952296, 0.574868):(-0.404114, 0.322266, -0.610535, -0.600098):(0.52, 0.39, -0.46):(-8.6, 4.68, 0.34)
(-6.52, 6.7, -4.89):(0.751583, 2.71508, 1.21955):(-0.167664, 0.357483, -0.770325, -0.500671):(-0.75, 0.36, -1.19):(-5.85, 6.42, -4.54)
(1.04, 5.63, -5.47):(-0.251982, 1.74424, 1.64388):(0.276489, 0.320618, -0.850098, -0.313293):(-0.66, -1.85, 1.26):(2.85, 6.91, -6.33)
(5.69, 5.26, -3.38):(-0.0501782, -0.10472, 0.114537):(0.415466, 0.257202, -0.839478, -0.237732):(-0.1, -0.96, 2.0):(5.64, 6.01, -5.31)
(3.39, 7.14, -4.63):(-0.646863, -1.25882, -0.943569):(0.313416, 0.262268, -0.847961, -0.337524):(-0.63, -0.23, 0.47):(3.47, 7.22, -5.64)
(-1.07, 7.36, -5.0):(-0.417789, -1.58825, -1.45408):(0.107178, 0.281128, -0.828308, -0.472656):(-0.48, -0.48, 0.15):(-1.05, 8.27, -5.15)
(-5.2, 6.69, -2.38):(0.23671, -1.19882, -1.45408):(-0.1604, 0.324951, -0.730042, -0.579407):(0.3, -0.09, 0.27):(-6.12, 7.18, -2.66)
(-7.98, 4.51, -0.02):(0.0436333, -1.88496, -0.806124):(-0.382141, 0.313171, -0.623657, -0.605774):(0.56, -0.27, -0.21):(-8.43, 4.99, 0.37)
(-7.89, 4.57, 1.34):(0.0152716, -0.242165, -0.0370883):(-0.479309, 0.282776, -0.559143, -0.614502):(0.64, 0.69, -0.85):(-8.66, 4.08, 2.1)
(-8.81, 6.85, -2.97):(1.06792, 2.54709, 1.27082):(-0.319946, 0.304016, -0.703735, -0.556763):(-1.07, 1.07, -1.25):(-7.61, 5.85, -1.96)
(-4.07, 6.24, -6.41):(0.244346, 2.71508, 1.72242):(0.0244141, 0.316589, -0.850403, -0.419434):(-1.57, -0.76, 0.41):(-1.91, 7.15, -6.43)
(3.03, 4.7, -3.75):(-0.090539, 1.99186, 1.18573):(0.345337, 0.266357, -0.863403, -0.253662):(-1.22, -1.67, 2.95):(4.52, 6.09, -6.2)
(5.08, 3.6, -3.42):(-0.464694, -0.870484, -0.299979):(0.415955, 0.227356, -0.84613, -0.243652):(-0.73, -2.29, 1.82):(5.73, 5.94, -5.28)
(0.96, 8.39, -5.22):(-0.489783, -1.55007, -1.60243):(0.191345, 0.245483, -0.855347, -0.414124):(-0.67, 1.09, 0.03):(1.01, 7.92, -5.68)
(-3.67, 8.42, -3.3):(-0.14399, -1.54898, -1.63734):(-0.0527954, 0.289734, -0.789612, -0.53833):(-0.89, -0.08, -1.76):(-4.06, 7.98, -3.98)
(-8.13, 5.49, -0.42):(-1.07556, -1.58716, -1.53916):(-0.291077, 0.32312, -0.662354, -0.609985):(-1.14, -1.01, 0.12):(-7.64, 6.08, -0.84)
(-8.48, 5.25, 0.74):(0.413425, -0.53778, -0.533417):(-0.467407, 0.317383, -0.525757, -0.635925):(0.42, 1.84, -1.63):(-8.77999, 3.61, 2.44)
(-8.88, 5.39, -0.33):(0.7614, 1.62643, 0.975203):(-0.416199, 0.31134, -0.591064, -0.616821):(-0.33, 0.79, -1.4):(-8.56, 4.7, 0.87)
(-6.3, 7.01, -4.0):(0.749401, 2.64745, 1.60461):(-0.12854, 0.337402, -0.788391, -0.498108):(-1.43, 0.16, -1.78):(-5.05, 6.89, -4.79)
(0.67, 6.0, -6.05):(0.147262, 2.02022, 1.67879):(0.218506, 0.30426, -0.859009, -0.349121):(-0.58, -0.95, 0.7):(1.59, 7.18, -6.48)
(4.78, 5.2, -3.98):(0.190896, 0.27598, 0.163625):(0.402222, 0.259277, -0.842712, -0.246521):(-1.08, -0.99, 0.64):(5.41, 6.11, -5.43)
(2.07, 7.82, -5.7):(-0.0949023, -1.35263, -1.22391):(0.273315, 0.27478, -0.854858, -0.345032):(-1.51, 0.3, -0.87):(2.72, 7.25, -6.0)
(-3.37, 8.35, -6.44):(-0.533417, -1.46171, -1.57625):(0.0446167, 0.296936, -0.82312, -0.481995):(-1.28, 0.3, -1.23):(-2.27, 8.04, -5.11)
(-7.42, 5.28, -3.19):(-0.841031, -1.56752, -1.50535):(-0.184753, 0.336792, -0.718933, -0.579346):(-0.25, -2.31, -1.28):(-6.57, 6.87, -2.38)
(-8.63, 3.13, 1.39):(0.145081, -0.712313, -0.546507):(-0.451782, 0.329407, -0.518616, -0.64679):(0.12, -0.45, -0.85):(-8.77, 3.66, 2.4)
(-8.44, 3.8, 1.46):(0.241074, 0.510509, 0.342521):(-0.473206, 0.311768, -0.534241, -0.627258):(0.34, 0.12, -0.84):(-8.79, 3.71, 2.24)
(-8.41, 6.47, -2.59):(0.542143, 2.52637, 1.321):(-0.315247, 0.333801, -0.68335, -0.567688):(-0.68, 0.93, -1.12):(-7.94, 5.54, -1.53)
(-3.36, 6.42, -5.85):(0.568323, 2.84052, 2.00604):(0.0524902, 0.333435, -0.835938, -0.4328):(-1.52, -1.22, 0.21):(-1.66, 7.43, -6.17)
(4.95, 5.54, -3.29):(-0.343612, 1.35263, 0.822487):(0.382935, 0.260193, -0.847717, -0.258911):(-0.12, -0.82, 2.2):(5.04, 6.25, -5.61)
(5.11, 5.51, -3.93):(0.270526, -0.717767, -0.627228):(0.393005, 0.244385, -0.840027, -0.283203):(0.05, -0.62, 1.61):(5.11, 6.54, -5.2)
(1.13, 6.88, -4.96):(-0.74831, -1.71915, -1.47589):(0.211243, 0.266846, -0.856323, -0.388428):(-0.07, -0.22, 1.3):(1.3, 7.68, -5.95)
(-5.61, 6.81, -5.11):(-0.74831, -2.16421, -1.62316):(-0.0519409, 0.322021, -0.772095, -0.545349):(-1.21, -1.49, -1.26):(-4.23, 7.93, -3.92)
(-9.5, 4.4, -0.43):(-0.405789, -1.65152, -1.23046):(-0.403748, 0.311707, -0.606262, -0.610107):(-1.46, -0.31, -1.2):(-8.57, 4.68, 0.84)
(-7.62, 4.47, 1.04):(0.00436333, -0.111265, -0.0589049):(-0.511841, 0.277588, -0.530579, -0.615967):(1.01, 0.64, -1.72):(-8.68, 3.62, 2.77)
(-8.59, 4.13, 0.4):(0.391608, 1.34936, 0.704677):(-0.447937, 0.291809, -0.5849, -0.609985):(-0.14, 0.0, -1.2):(-8.62, 4.43, 1.42)
(-7.67, 7.18, -4.98):(0.799579, 2.86234, 1.35809):(-0.203796, 0.329956, -0.770691, -0.505615):(-1.35, 0.9, -1.04):(-6.15, 6.37, -4.19)
(-0.21, 6.02, -4.94):(-0.0283616, 2.65072, 1.38099):(0.201111, 0.338074, -0.860474, -0.323792):(-1.98, -1.92, 0.25):(1.5, 6.78, -6.91)
(4.74, 3.99, -3.89):(-0.217075, 0.31525, 0.351248):(0.406677, 0.270508, -0.840332, -0.235229):(-0.44, -1.63, 2.07):(5.45, 6.03, -5.47)
(4.12, 5.37, -4.69):(-0.154898, -1.62316, -0.752674):(0.299011, 0.289612, -0.861328, -0.291199):(0.74, -0.82, 2.0):(3.39, 6.61, -6.38)
(-1.98, 6.04, -6.47):(-0.49851, -2.13476, -1.44208):(0.0727539, 0.308655, -0.83905, -0.442078):(0.0, -1.4, -0.08):(-1.71, 7.71, -5.8)
(-9.39, 5.74, -2.27):(-0.386154, -1.72133, -1.41481):(-0.275269, 0.345398, -0.693604, -0.569092):(-1.82, -0.69, -2.05):(-7.71, 5.78, -1.78)
(-8.0, 4.29, 0.74):(-0.270526, -0.893391, -0.571596):(-0.449951, 0.317993, -0.560913, -0.61792):(0.48, 0.18, -0.91):(-8.81, 3.94, 1.73)
(-8.43, 4.2, 0.92):(0.141808, 0.280344, 0.154898):(-0.480225, 0.310181, -0.530762, -0.625671):(0.4, 0.65, -1.36):(-8.8, 3.61, 2.36)
(-9.2, 6.68, -2.88):(1.09192, 2.4751, 1.30463):(-0.307068, 0.33905, -0.691467, -0.559204):(-1.07, 1.05, -1.59):(-7.88, 5.54, -1.82)
(-3.08, 7.55, -6.65):(0.623955, 2.90379, 1.65915):(0.0499268, 0.3302, -0.855957, -0.394714):(-0.71, 0.33, 1.2):(-1.71, 6.95, -6.7)
(3.56, 4.89, -4.13):(0.0436333, 1.65588, 0.820305):(0.343323, 0.282776, -0.862122, -0.242676):(-1.29, -1.29, 1.63):(4.6, 5.97, -6.27)
(5.37, 4.2, -4.45):(-0.299979, -0.6425, -0.246528):(0.397034, 0.257385, -0.848877, -0.235474):(-0.04, -1.72, 1.17):(5.36, 5.95, -5.65)
(1.53, 6.69, -4.94):(-0.364338, -1.5828, -1.02974):(0.183044, 0.260681, -0.868835, -0.379089):(-0.45, -0.68, 0.37):(1.18, 7.39, -6.33)
(-3.87, 7.16, -4.75):(0.109083, -1.20428, -1.237):(-0.0358276, 0.284485, -0.830017, -0.478394):(-0.94, -0.03, 0.27):(-3.4, 7.54, -5.26)
(-5.94, 5.37, -3.04):(0.17017, -1.60789, -0.980658):(-0.258423, 0.291016, -0.749329, -0.535828):(0.2, -0.45, 0.28):(-6.96, 6.32, -2.77)
(-8.47, 4.1, -1.21):(-0.401426, -1.25118, -0.676316):(-0.438477, 0.27594, -0.638611, -0.569031):(0.37, -0.2, -0.04):(-8.57, 4.75, 0.31)
(-8.05, 4.32, 1.12):(-0.00872665, 0.109083, 0.0610866):(-0.502319, 0.273804, -0.566772, -0.592834):(0.62, 0.37, -0.92):(-8.76, 3.89, 2.02)
(-8.66, 5.23, -1.25):(0.309796, 1.71042, 0.795216):(-0.405151, 0.296509, -0.64801, -0.572754):(-0.18, 0.31, -1.1):(-8.43, 4.99, -0.31)
(-6.54, 6.62, -5.89):(0.44615, 2.82853, 1.58389):(-0.10614, 0.335327, -0.807556, -0.473511):(-1.59, -0.52, -1.35):(-4.79, 6.8, -5.18)
(0.51, 5.55, -5.09):(0.299979, 2.54491, 1.33627):(0.224915, 0.297852, -0.87439, -0.310059):(-1.63, -1.36, 2.06):(2.29, 6.59, -6.88)
(5.1, 3.4, -4.45):(-0.227984, -0.553051, -0.198531):(0.401855, 0.223511, -0.86084, -0.217957):(-0.67, -1.23, 1.46):(5.77, 5.46, -5.73)
(2.4, 4.67, -6.03):(-0.775581, -1.72788, -0.833395):(0.242188, 0.23877, -0.881653, -0.327209):(0.09, -1.63, 1.18):(2.65, 6.79, -6.55)
(-4.09, 5.92, -5.06):(-0.421061, -1.83914, -1.6657):(-0.000732422, 0.282227, -0.844055, -0.455933):(-1.55, -1.33, 0.06):(-2.76, 7.52, -5.65)
(-8.11, 5.94, -1.71):(-0.922843, -1.85441, -1.49226):(-0.271484, 0.322632, -0.716431, -0.555786):(-1.51, -1.49, -0.53):(-7.46, 6.0, -2.11)
(-9.55, 3.85, 1.42):(-0.439605, -0.349066, -0.343612):(-0.469727, 0.336609, -0.522583, -0.626892):(0.19, 0.39, -0.68):(-8.95, 3.28, 2.28)
(-8.74, 3.78, 1.97):(-1.12792, 0.827941, 0.55087):(-0.414856, 0.381592, -0.480164, -0.672119):(-0.21, 0.38, -0.56):(-8.93, 3.22, 2.42)
(-9.1, 2.78, 2.19):(-2.59072, 0.515963, 0.66977):(-0.215332, 0.478088, -0.368835, -0.767456):(-0.21, -0.52, -0.55):(-8.75, 3.53, 2.65)
(-8.5, 2.54, 4.07):(-2.57982, 0.340339, 0.632682):(0.167419, 0.543762, -0.0193481, -0.822144):(0.34, 0.27, 0.38):(-8.7, 2.09, 4.0)
(-8.12, 2.65, 4.4):(-0.10472, -0.309796, 0.317432):(0.29071, 0.512573, 0.0722046, -0.804749):(0.37, 0.87, -0.15):(-8.48, 1.8, 4.57)
(-7.56, 1.39, 4.47):(-0.01309, 0.0425424, 0.34143):(0.302673, 0.497314, 0.022644, -0.812744):(0.17, -1.96, -0.44):(-8.06, 2.59, 4.94)
(-6.95, 3.54, 4.94):(-0.369792, 0.0316341, 0.171261):(0.343445, 0.493042, 0.0286865, -0.798828):(0.96, 0.67, -0.07):(-7.91, 2.86, 5.02)
(-7.41, 2.41, 5.37):(-0.172351, 0.0719949, 0.109083):(0.397461, 0.484924, 0.081604, -0.774719):(0.71, -0.15, 0.3):(-8.0, 2.54, 5.06)
(-7.03, 2.59, 5.44):(0.161443, 0.307614, -0.10472):(0.403503, 0.485779, 0.0864868, -0.770508):(0.0, 0.48, 0.39):(-8.03, 2.53, 5.01)
(-7.18, 2.68, 5.12):(0.00436333, -0.0501782, 0.0327249):(0.412354, 0.480896, 0.0913086, -0.768372):(0.74, 0.13, -0.05):(-7.98, 2.51, 5.11)
(-7.13, 2.57, 5.1):(-0.0949023, -0.0730857, 0.0109083):(0.417114, 0.47876, 0.0952759, -0.766663):(0.8, 0.05, 0.05):(-7.97, 2.48, 5.13)
(-7.58, 2.42, 5.05):(-0.155989, 0.227984, 0.01309):(0.424438, 0.473328, 0.108215, -0.764282):(0.02, 0.0, -0.05):(-7.99, 2.31, 5.18)
(-8.15, 1.66, 5.56):(-0.465785, 0.124355, -0.0359974):(0.433289, 0.462402, 0.119141, -0.764404):(-0.54, 0.51, 0.31):(-7.95, 2.12, 5.33)
(-7.69, 2.17, 5.51):(0.0327249, -0.366519, 0.22362):(0.449341, 0.444214, 0.130798, -0.763977):(-0.01, 0.54, -0.09):(-7.78, 1.96, 5.62)
(-7.25, 1.21, 5.8):(-0.208349, 0.0490874, -0.0556324):(0.460876, 0.433594, 0.129028, -0.763489):(0.31, -1.0, -0.12):(-7.66, 1.97, 5.79)
(-7.52, 3.15, 5.69):(-0.0109083, 0.00763582, -0.0294524):(0.458618, 0.434937, 0.127747, -0.764343):(0.29, 0.62, 0.09):(-7.66, 1.99, 5.77)
(-6.96, 2.18, 5.69):(0.137445, 0.113446, -0.0349066):(0.454956, 0.438354, 0.13031, -0.764099):(0.07, 0.44, 0.0):(-7.73, 1.95, 5.7)
(-8.01, 2.84, 5.5):(0.215985, 0.122173, 0.0545416):(0.451172, 0.44574, 0.135376, -0.76123):(0.34, 1.23, 0.07):(-7.85, 1.93, 5.54)
