Accel:Gryo:Quarternion:LinearAccel:Gravity
(0.0, -3.12, 8.79):(-0.141808, 0.147262, -0.0938115):(-0.555908, 0.154419, -0.150574, 0.802795):(1.05, 0.83, 0.07):(0.78, -4.05, 8.89)
(3.74, -4.14, 9.0):(0.179987, -0.145081, -0.155989):(-0.557312, 0.160095, -0.142761, 0.802124):(-1.8, 0.91, -0.52):(0.96, -3.99, 8.9)
(1.15, -3.97, 8.88):(0.271617, 0.20944, 0.278162):(-0.573364, 0.134216, -0.125, 0.798523):(0.45, -0.58, -0.33):(0.66, -3.44, 9.15)
(0.72, -2.35, 9.75):(1.09519, 0.544325, 1.01338):(-0.628113, 0.0644531, -0.0958252, 0.76947):(0.89, 0.07, 0.39):(-0.28, -2.12, 9.56)
(-1.89, 3.18, 8.63):(2.60272, 1.07229, 0.98393):(-0.716675, -0.206909, 0.00775146, 0.665955):(0.58, 0.54, -0.34):(-2.65, 3.24, 8.86)
(-2.78, 5.75, 5.46):(2.93979, 1.21955, 1.20319):(-0.706116, -0.44281, 0.110168, 0.541443):(0.44, -1.4, 0.32):(-3.17, 7.3, 5.72)
(-2.86, 7.44, -0.81):(3.35213, 1.7137, 0.844304):(-0.598938, -0.691711, 0.210388, 0.344299):(-0.37, -0.94, -0.5):(-2.19, 9.54, -0.44)
(1.06, 8.56, -3.81):(1.09192, 1.61552, 0.529053):(-0.477417, -0.836121, 0.225769, 0.148438):(1.55, -0.9, 0.71):(-0.32, 8.48, -4.9)
(5.66, 7.9, -5.26):(0.379609, 1.65261, 1.0821):(-0.4505, -0.856689, 0.23114, -0.0986938):(2.2, 0.42, 0.75):(3.87, 7.06, -5.58)
(7.41, 6.53, -4.33):(0.201804, 1.74315, 1.12574):(-0.425598, -0.816833, 0.238953, -0.307434):(0.88, 1.33, -0.26):(6.92, 5.37, -4.39)
(8.56, 4.38, -3.2):(-0.23562, 1.61443, 0.995929):(-0.435669, -0.73053, 0.250549, -0.462402):(0.22, 0.15, -0.54):(8.83, 3.88, -1.75)
(8.69, 3.58, -1.82):(0.376337, 0.0414516, -0.01309):(-0.428833, -0.682556, 0.254883, -0.534119):(-0.77, 0.78, -1.42):(9.29, 3.07, -0.62)
(9.52, 5.06, -7.28):(0.412334, -2.9987, -1.54462):(-0.405273, -0.812012, 0.235046, -0.348083):(2.16, 0.6, -2.93):(7.41, 4.84, -4.2)
(4.53, 6.11, -6.52):(-0.361065, -3.17214, -1.45626):(-0.359192, -0.907593, 0.216858, -0.0158691):(2.15, -0.28, 1.13):(1.81, 6.32, -7.27)
(-0.63, 5.77, -4.49):(-0.463603, -1.86532, -1.11919):(-0.340515, -0.888367, 0.176147, 0.252563):(2.62, -0.79, 2.82):(-3.22, 6.8, -6.28)
(-3.21, 4.63, -3.71):(0.277071, 0.148353, 0.0392699):(-0.34021, -0.868103, 0.143921, 0.331482):(1.23, -1.45, 3.7):(-4.66, 6.71, -5.41)
(-1.19, 5.9, -5.08):(0.368701, 1.75078, 1.30354):(-0.392029, -0.888611, 0.170837, 0.165771):(0.75, -0.72, 2.91):(-1.37, 7.39, -6.29)
(4.69, 7.13, -3.64):(0.127627, 1.74206, 1.47371):(-0.427307, -0.874756, 0.223022, -0.0501709):(1.77, 1.02, -0.59):(2.72, 7.11, -6.17)
(6.75, 6.49, -5.4):(-0.268345, 2.21875, 1.3559):(-0.463562, -0.804199, 0.266968, -0.259033):(-0.29, 0.28, -2.05):(6.51, 5.95, -4.27)
(9.8, 4.06, -1.76):(-0.179987, 0.7734, 0.587958):(-0.48053, -0.68396, 0.300964, -0.458984):(0.33, 0.17, -0.31):(9.02, 3.69, -1.07)
(8.02, 5.73, -2.73):(-0.107992, -0.562869, -0.574868):(-0.487, -0.686646, 0.300781, -0.448242):(-1.1, 1.71, -1.88):(8.9, 3.91, -1.21)
(8.75, 6.52, -6.1):(0.870484, -2.58745, -1.82714):(-0.46106, -0.797485, 0.278687, -0.271667):(1.51, 1.13, -2.45):(6.55, 5.8, -4.4)
(5.44, 7.13, -5.94):(-0.467967, -2.558, -1.23918):(-0.388977, -0.884277, 0.258301, 0.00866699):(3.29, -0.28, 0.89):(1.58, 6.84, -6.84)
(-1.47, 5.28, -4.29):(-0.583595, -1.21955, -0.899936):(-0.353455, -0.871338, 0.217346, 0.261841):(1.41, -2.01, 0.82):(-3.09, 7.15, -5.94)
(-3.47, 4.38, -2.66):(-0.519236, 0.0152716, 0.0141808):(-0.335571, -0.857117, 0.197388, 0.337341):(0.81, -2.68, 1.78):(-4.35, 6.97, -5.34)
(-1.64, 5.08, -4.07):(-0.390518, 1.74424, 0.938115):(-0.379028, -0.867859, 0.20636, 0.246155):(0.87, -1.56, -0.24):(-2.48, 7.48, -5.83)
(2.68, 8.57, -4.6):(-0.122173, 1.8446, 1.43881):(-0.4151, -0.874939, 0.243408, 0.0539551):(0.73, -0.33, -0.86):(1.27, 7.37, -6.33)
(7.93, 6.43, -5.48):(-0.0785399, 1.80205, 1.16937):(-0.447266, -0.810364, 0.29425, -0.238159):(1.78, -0.15, -0.34):(6.36, 5.73, -4.77)
(7.14, 5.81, -4.12):(-0.02618, 1.19228, 0.855212):(-0.451599, -0.751831, 0.311218, -0.366028):(-0.95, 1.39, -0.5):(8.22, 4.36, -3.07)
(9.01, 4.59, -2.36):(-0.296706, 0.0850849, 0.0349066):(-0.490784, -0.682312, 0.334656, -0.426147):(0.35, 0.5, -0.91):(8.92, 3.77, -1.52)
(8.72, 6.18, -4.08):(0.620683, -1.75406, -1.16392):(-0.472656, -0.733521, 0.321106, -0.368042):(0.59, 1.75, -1.58):(8.27, 4.48, -2.76)
(5.61, 7.24, -7.63):(-0.113446, -2.88198, -1.62752):(-0.381836, -0.87915, 0.273438, -0.0808716):(1.92, 1.18, -0.94):(3.15, 6.21, -6.89)
(0.53, 5.92, -4.23):(-0.149444, -2.49037, -1.60789):(-0.336548, -0.886475, 0.22644, 0.222717):(2.92, -0.05, 0.45):(-2.63, 6.81, -6.54)
(-3.82, 5.23, -3.42):(-0.326159, -0.701405, -0.476693):(-0.308167, -0.854004, 0.162048, 0.386536):(1.32, -1.61, 2.08):(-5.54, 6.38, -4.96)
(-4.47, 4.01, -3.27):(-0.00654499, 1.6897, 0.758128):(-0.343506, -0.862793, 0.145081, 0.341431):(0.43, -1.81, 1.9):(-4.66, 6.81, -5.28)
(1.13, 7.34, -8.93):(0.407971, 1.86641, 1.50207):(-0.398804, -0.888428, 0.207703, 0.0924683):(1.23, -1.6, -2.1):(0.01, 7.32, -6.51)
(7.17, 6.9, -4.86):(0.982839, 1.30791, 1.35154):(-0.400635, -0.86731, 0.26001, -0.140198):(3.44, 1.58, 2.41):(4.59, 5.98, -6.26)
(8.68, 6.04, -4.33):(-0.64359, 2.05295, 0.999202):(-0.418579, -0.796021, 0.276489, -0.338745):(-0.79, -0.95, -0.56):(7.78, 4.58, -3.82)
(7.64, 5.71, -3.56):(0.32834, 0.232347, 0.0621774):(-0.438232, -0.720337, 0.294922, -0.449585):(-1.39, 1.9, -1.74):(8.88, 3.58, -2.07)
(8.12, 7.04, -6.96):(0.435242, -2.11185, -1.49771):(-0.416199, -0.799927, 0.266418, -0.340454):(0.64, 2.26, -2.96):(7.51, 4.75, -4.13)
(5.36, 5.87, -7.87):(-0.320704, -2.98233, -1.61334):(-0.368652, -0.900085, 0.228638, -0.0403442):(2.64, -0.68, -0.76):(2.36, 6.32, -7.1)
(-0.19, 5.63, -5.55):(-0.247619, -2.22748, -1.04393):(-0.326904, -0.897522, 0.180542, 0.234436):(2.5, -0.9, 0.64):(-2.96, 6.58, -6.63)
(-3.04, 3.95, -2.41):(-0.114537, 0.715585, 0.242165):(-0.311218, -0.868286, 0.154724, 0.353943):(2.89, -1.27, 3.82):(-5.08, 6.37, -5.45)
(-1.05, 5.54, -4.91):(-0.0392699, 2.01477, 1.41045):(-0.363708, -0.897278, 0.176392, 0.177368):(0.94, -0.88, -0.85):(-1.64, 7.02, -6.64)
(3.7, 7.01, -10.34):(0.00436333, 2.41292, 1.67334):(-0.399109, -0.884705, 0.232544, -0.0627441):(0.68, -0.75, -1.41):(3.18, 6.58, -6.53)
(8.33, 4.64, -7.25):(0.471239, 1.49335, 1.28282):(-0.412903, -0.814392, 0.277344, -0.29895):(3.05, 0.79, -0.72):(7.12, 4.86, -4.65)
(8.23, 4.89, -3.81):(-0.206167, 0.488693, 0.124355):(-0.397583, -0.746765, 0.278931, -0.454468):(-0.57, 0.49, -1.31):(8.83, 3.34, -2.62)
(8.4, 5.49, -7.37):(0.476693, -2.17403, -1.38208):(-0.390259, -0.809326, 0.258118, -0.355042):(0.64, 1.35, -3.19):(7.45, 4.47, -4.53)
(4.58, 7.19, -9.37):(-0.0665407, -3.08269, -1.84787):(-0.342468, -0.915894, 0.202576, -0.0532227):(2.74, 1.1, 0.31):(1.97, 5.99, -7.5)
(0.04, 4.46, -6.08):(-0.390518, -2.15766, -1.1541):(-0.307312, -0.909668, 0.142517, 0.240479):(3.06, -1.84, 0.83):(-3.63, 6.13, -6.73)
(-4.0, 2.95, -3.58):(-0.887937, 1.12465, 0.291252):(-0.324463, -0.871399, 0.0923462, 0.356201):(1.08, -4.21, 1.88):(-5.41, 6.25, -5.26)
(-0.86, 7.0, -5.59):(0.591231, 1.78351, 1.45953):(-0.36969, -0.903748, 0.12793, 0.173767):(1.62, 0.4, 0.34):(-2.15, 6.98, -6.53)
(3.9, 8.27999, -9.07):(-0.197441, 2.18712, 1.4399):(-0.385681, -0.90094, 0.190796, -0.0563965):(1.56, 0.06, -0.61):(2.68, 6.56, -6.77)
(7.81, 5.34, -6.53):(0.519236, 1.76387, 1.42026):(-0.397278, -0.840576, 0.245972, -0.274109):(1.82, 1.27, -2.18):(6.58, 5.11, -5.17)
(8.36, 3.51, -3.27):(-0.683951, 1.07774, 0.69486):(-0.425293, -0.728638, 0.289185, -0.452332):(-0.03, -0.14, -0.67):(8.87, 3.51, -2.24)
(8.11, 5.18, -4.33):(0.437423, -1.08974, -0.894482):(-0.432129, -0.740051, 0.284607, -0.429688):(-0.9, 1.66, -1.98):(8.64, 3.87, -2.52)
(7.55, 7.12, -8.56):(-0.0719949, -3.13287, -1.85769):(-0.384277, -0.872192, 0.245056, -0.177551):(2.49, 1.22, -2.37):(4.58, 5.81, -6.43)
(-1.34, 4.97, -3.61):(0.0523599, -2.24493, -1.41154):(-0.321228, -0.891541, 0.161499, 0.275513):(2.24, -1.1, 2.17):(-4.01, 6.43, -6.21)
(-3.51, 4.58, -1.8):(-0.0676315, 0.265072, 0.239983):(-0.298584, -0.861816, 0.131653, 0.388245):(2.4, -1.68, 2.53):(-5.75, 6.07, -5.11)
(-2.0, 4.42, -3.46):(0.110174, 2.04204, 1.50971):(-0.356445, -0.888855, 0.165283, 0.235779):(1.34, -1.24, -0.7):(-2.74, 6.98, -6.31)
(4.18, 7.79, -6.7):(0.455968, 2.19912, 1.18682):(-0.364807, -0.90271, 0.227539, -0.0154419):(2.33, 1.41, 0.03):(1.9, 6.39, -7.19)
(6.88, 4.91, -6.43):(-0.458149, 2.78271, 1.25773):(-0.38739, -0.828918, 0.255554, -0.312317):(-0.34, -0.34, -1.05):(7.2, 4.66, -4.73)
(9.31, 5.24, -3.17):(-0.149444, 1.225, 0.722131):(-0.412537, -0.721252, 0.273071, -0.484802):(0.16, 1.87, -1.15):(9.1, 3.18, -1.75)
(8.75, 4.62, -3.97):(0.342521, -1.21955, -0.716676):(-0.42041, -0.718323, 0.276428, -0.48053):(-0.23, 1.79, -3.04):(9.04, 3.31, -1.81)
(8.7, 5.97, -8.32):(0.147262, -3.41103, -1.79442):(-0.360229, -0.871704, 0.244202, -0.225159):(2.77, 1.23, -1.94):(5.57, 5.08, -6.26)
(-1.15, 4.7, -5.42):(-0.592321, -2.21875, -1.63407):(-0.339783, -0.887512, 0.159729, 0.26709):(2.24, -2.17, 1.97):(-3.81, 6.71, -6.03)
(-5.27, 3.97, -2.05):(-0.221439, -0.415607, -0.343612):(-0.292053, -0.84436, 0.119995, 0.432861):(1.11, -2.03, 2.16):(-6.48, 5.85, -4.45)
(-3.95, 4.65, -6.4):(-0.0338158, 1.79115, 1.12901):(-0.334778, -0.864075, 0.138, 0.34967):(1.79, -0.92, 2.62):(-5.01, 6.61, -5.21)
(-0.39, 4.74, -5.7):(0.083994, 2.486, 1.42463):(-0.378113, -0.897156, 0.187256, 0.130676):(0.43, -2.56, -0.49):(-0.91, 7.13, -6.66)
(4.57, 5.44, -9.51):(0.113446, 3.03906, 1.61552):(-0.404114, -0.867126, 0.238159, -0.167419):(-0.33, -1.19, -3.66):(4.97, 5.97, -5.97)
(8.7, 4.4, -4.17):(0.0676315, 1.98313, 1.24137):(-0.420654, -0.769348, 0.270325, -0.397583):(1.67, 1.07, -0.57):(8.33, 4.13, -3.09)
(9.38, 4.55, -1.0):(0.0719949, 0.53778, 0.27598):(-0.427124, -0.681824, 0.274353, -0.526672):(0.19, 1.08, -0.07):(9.34, 2.87, -0.78)
(8.83, 4.13, -1.71):(-0.992657, -0.386154, -0.279253):(-0.452209, -0.664063, 0.290161, -0.519897):(-0.45, 0.94, -1.41):(9.34, 2.93, -0.49)
(10.04, 5.63, -1.6):(-5.81522, -0.713404, -1.24682):(-0.685364, -0.539429, 0.434326, -0.225037):(1.82, 0.12, -1.82):(8.15, 5.4, 0.65)
(6.52, 3.22, 2.53):(-5.52942, -0.215985, -2.1064):(-0.880371, -0.168396, 0.40918, 0.170776):(0.41, -0.89, -2.62):(6.43, 4.09, 6.16)
(7.47, 1.88, 9.09):(-2.00386, 0.713404, -1.61661):(-0.839905, 0.0649414, 0.283508, 0.458191):(1.56, 0.46, 0.73):(5.16, 1.41, 8.21)
(2.59, -0.54, 8.08):(-0.382882, 0.933752, -0.506146):(-0.781494, 0.088562, 0.131775, 0.603394):(-0.07, 0.32, -0.45):(2.99, 0.19, 9.33)
(3.26, -0.05, 9.43):(-0.366519, 0.154898, 0.0359974):(-0.766907, 0.0997314, 0.0680542, 0.63031):(1.09, 0.88, -0.04):(2.24, -0.69, 9.52)
(5.68, -2.31, 9.83):(0.220348, 0.280344, 0.529053):(-0.757751, 0.133545, 0.0262451, 0.638184):(1.44, 2.22, 0.27):(1.98, -1.65, 9.45)
(1.82, -2.65, 8.75):(-0.622865, 0.39379, 0.218166):(-0.756531, 0.145508, -0.0180664, 0.637329):(0.55, -0.1, -0.39):(1.5, -2.43, 9.37)
