Accel:Gryo:Quarternion:LinearAccel:Gravity
(0.93, -6.73, 8.51):(-0.0185441, 0.199622, 0.0305433):(0.844849, -0.295166, -0.176514, 0.40979):(-0.15, 0.32, -0.02):(0.55, -6.3, 7.48)
(2.46, -5.74, 6.96):(-0.0490874, -0.0447241, -0.139626):(0.829224, -0.277832, -0.251465, 0.414673):(0.61, 0.69, 0.18):(1.83, -6.56, 7.05)
(2.18, -6.06, 7.2):(-0.414516, 0.664316, -0.369792):(0.841187, -0.302246, -0.235291, 0.381653):(0.74, 1.04, -0.17):(1.61, -6.74, 6.92)
(2.22, -5.04, 5.36):(-1.41699, 0.915208, -0.614138):(0.851563, -0.392761, -0.203857, 0.281189):(1.2, 2.34, -0.66):(1.23, -7.68, 5.96)
(2.21, -9.9, 1.87):(-2.41074, 1.76169, -1.28609):(0.794678, -0.577271, -0.168213, 0.0835571):(1.32, -1.52, -0.78):(1.67, -9.27, 2.71)
(4.04, -8.77999, -2.23):(-1.64825, 2.19912, -1.13665):(0.66333, -0.713562, -0.0664673, -0.215454):(-0.03, 0.48, -2.1):(3.98, -8.95, -0.33)
(6.6, -7.09, -2.11):(-1.96459, 2.16094, -0.923934):(0.486511, -0.754578, 0.059021, -0.436462):(0.87, 0.98, -0.66):(5.99, -7.62, -1.45)
(8.22, -5.98, -2.64):(-1.65261, 2.12712, -0.877028):(0.265076, -0.73822, 0.186523, -0.591553):(0.08, 0.36, -1.73):(7.67, -5.91, -1.51)
(7.06, -6.26, -1.73):(-1.48571, 1.07992, -0.319614):(0.0938721, -0.687622, 0.284607, -0.661377):(-1.38, -1.55, -0.39):(8.42, -4.91, -1.03)
(8.55, -4.09, -2.49):(-0.434151, -0.337067, 0.221439):(-0.00683594, -0.664795, 0.338074, -0.666138):(-0.21, -0.61, -1.03):(8.71, -4.34, -1.15)
(7.15, -6.81, -4.63):(-0.448332, -1.48789, 1.28173):(0.0479126, -0.692566, 0.415833, -0.587463):(0.02, -1.18, -1.61):(7.47, -5.52, -3.12)
(6.69, -7.43, -6.88):(0.115628, -2.10858, 1.5937):(0.182068, -0.71991, 0.495117, -0.45105):(2.04, -0.15, -1.86):(4.38, -7.02, -5.25)
(1.26, -6.69, -4.82):(0.309796, -1.67224, 1.43663):(0.367676, -0.704224, 0.538391, -0.281189):(0.92, 1.38, 0.6):(0.0, -8.04, -5.6)
(-3.39, -6.24, -3.86):(-0.277071, -0.521417, 0.693769):(0.465088, -0.669617, 0.566772, -0.118896):(0.42, 0.68, 1.63):(-3.68, -7.38, -5.29)
(-3.41, -6.57, -3.94):(0.0589049, 0.125446, -0.0523599):(0.481506, -0.658447, 0.569824, -0.0993042):(0.64, 0.01, 1.49):(-4.08, -7.33, -5.06)
(-2.1, -7.85, -3.81):(0.208349, 0.764673, -0.740674):(0.461853, -0.668579, 0.562988, -0.150696):(1.5, 0.99, 1.48):(-3.02, -7.75, -5.18)
(2.91, -8.29, -7.51):(0.127627, 1.43117, -1.59261):(0.277039, -0.732666, 0.49884, -0.370972):(0.52, 0.78, -2.17):(2.62, -7.61, -5.6)
(6.66, -6.12, -5.11):(-0.111265, 1.31882, -1.47917):(0.144775, -0.74115, 0.424805, -0.499268):(0.88, -0.42, -0.98):(6.05, -6.26, -4.5)
(8.39, -4.66, -3.09):(0.198531, 0.8923, -0.97084):(0.0369263, -0.71698, 0.328918, -0.613525):(-0.06, -0.11, -0.64):(8.44, -4.4, -2.32)
(7.52, -5.76, -3.77):(-0.568323, -0.580322, 0.785399):(0.0153809, -0.713806, 0.325745, -0.619812):(-1.04, -1.58, -1.5):(8.52, -4.23, -2.34)
(5.86, -9.93999, -10.11):(0.238892, -3.13396, 2.79798):(0.213318, -0.735168, 0.506897, -0.396362):(2.09, -2.79, -3.84):(3.59, -7.01, -5.83)
(-1.0, -5.97, -6.28):(0.920662, -3.24741, 2.94961):(0.520203, -0.639648, 0.55603, -0.105469):(2.88, 2.25, -0.28):(-4.34, -7.67, -4.28)
(-2.93, -2.81, 2.11):(0.604321, -1.42244, 1.35154):(0.675537, -0.485474, 0.534363, 0.149902):(5.3, 2.51, 2.81):(-8.5, -4.86, -0.41)
(-5.83, -3.33, -1.71):(0.154898, 2.0824, -1.81514):(0.648438, -0.505493, 0.56665, 0.0546265):(2.08, 1.03, 1.0):(-7.74, -5.82, -1.5)
(1.31, -7.72, -6.55):(-1.23918, 2.33438, -2.1173):(0.387085, -0.682556, 0.557678, -0.270752):(2.18, -2.03, -0.47):(-0.31, -8.11, -5.5)
(8.05, -7.63, -6.8):(-0.237801, 2.4511, -2.45546):(0.1474, -0.733459, 0.465271, -0.473083):(2.02, -2.33, -2.45):(5.73, -6.29, -4.86)
(8.72, -5.7, -2.42):(-0.226893, 0.794125, -0.845394):(-0.0206909, -0.708984, 0.328186, -0.62384):(-0.08, -1.97, -0.25):(8.84, -3.66, -2.12)
(7.56, -5.52, -5.99):(-0.834486, -1.56425, 1.75078):(-0.0164795, -0.706238, 0.37915, -0.597656):(-0.28, -1.69, -3.16):(8.4, -4.21, -2.79)
(4.1, -7.43, -7.91):(0.471239, -3.85391, 2.64199):(0.281311, -0.710022, 0.588928, -0.264404):(3.35, -1.16, -1.48):(0.43, -6.97, -6.88)
(-2.4, -4.07, -2.85):(0.613047, -3.05106, 1.84569):(0.530518, -0.602417, 0.595581, 0.0316162):(4.05, 1.27, 2.13):(-6.79, -5.79, -4.05)
(-5.11, -2.65, -0.55):(0.932661, 0.757037, -0.478875):(0.646484, -0.497681, 0.56781, 0.109497):(2.99, 2.96, 1.23):(-8.22, -5.14, -1.4)
(-3.03, -6.03, -1.19):(-0.22362, 1.9275, -2.18821):(0.552368, -0.570557, 0.602539, -0.0791626):(2.99, 1.06, 0.31):(-5.41, -7.23, -3.81)
(3.67, -9.1, -5.55):(-1.3919, 1.93623, -2.38347):(0.3172, -0.694946, 0.536621, -0.358398):(2.85, -1.66, 0.54):(1.82, -7.99, -5.37)
(9.38, -8.46, -5.3):(-0.127627, 2.16203, -2.38128):(0.0741577, -0.727661, 0.416809, -0.539673):(2.05, -2.21, -1.24):(7.29, -5.31, -3.83)
(6.47, -6.84, -4.74):(-0.385064, 0.0534508, 0.181078):(-0.0248413, -0.712708, 0.352661, -0.605835):(-2.32, -2.8, -2.22):(8.64, -3.84, -2.59)
(6.42, -9.34, -9.6):(-0.162534, -3.23213, 2.77507):(0.150757, -0.724609, 0.528137, -0.41626):(2.25, -2.41, -3.64):(4.35, -6.45, -5.96)
(-0.06, -5.89, -7.12):(0.583595, -3.1765, 2.50782):(0.449097, -0.654236, 0.596191, -0.121887):(3.06, 1.44, -1.93):(-3.68, -7.18, -5.55)
(-2.74, -4.29, 2.37):(0.70904, -1.45517, 1.20973):(0.609131, -0.525757, 0.577942, 0.135803):(5.32, 1.87, 4.78):(-8.3, -4.74, -2.16)
(-5.41, -4.64, -2.13):(0.606502, 1.59152, -1.64934):(0.617432, -0.507202, 0.597778, 0.0649414):(2.12, 1.16, -0.19):(-7.88, -5.38, -2.24)
(0.07, -6.33, -5.06):(-0.797398, 1.96022, -1.93732):(0.430359, -0.656372, 0.576538, -0.227112):(2.07, 1.78, 0.14):(-1.69, -8.09, -5.26)
(5.29, -9.05, -5.29):(-0.845394, 1.94713, -1.91223):(0.215515, -0.728516, 0.520142, -0.390198):(2.16, -2.82, 0.59):(3.37, -7.06, -5.9)
(9.21, -7.2, -4.39):(-0.0141808, 1.60679, -1.56643):(0.0324097, -0.723877, 0.401672, -0.560059):(0.93, -0.69, 0.06):(7.69, -4.87, -3.63)
(7.12, -4.97, -4.05):(0.109083, -0.107992, 0.0436333):(-0.0112305, -0.715515, 0.363831, -0.596313):(-1.09, -0.66, -1.19):(8.44, -4.09, -2.83)
(7.35, -5.65, -6.77):(-0.381791, -1.96677, 1.63407):(0.0809937, -0.737366, 0.460083, -0.487854):(1.15, -0.19, -1.76):(6.13, -5.65, -5.15)
(3.97, -6.72, -6.68):(0.18326, -2.38565, 1.54244):(0.257446, -0.739075, 0.554993, -0.281921):(2.08, -0.71, -0.75):(1.28, -6.8, -6.94)
(-0.79, -6.62, -5.06):(0.478875, -1.37881, 1.13119):(0.412415, -0.690063, 0.578674, -0.13739):(2.15, 1.02, 2.37):(-2.82, -7.14, -6.1)
(-3.15, -6.02, -4.53):(0.0174533, -0.136354, 0.0785399):(0.4823, -0.653931, 0.574585, -0.0982056):(1.36, 0.03, 1.59):(-4.17, -7.29, -5.05)
(-2.05, -7.64, -4.36):(-0.162534, 0.65559, -0.448332):(0.44519, -0.669495, 0.577454, -0.141907):(1.37, -0.57, 1.95):(-3.17, -7.45, -5.52)
(0.55, -7.73, -5.51):(0.604321, 1.33409, -1.23373):(0.379456, -0.692932, 0.560242, -0.249084):(0.93, 1.84, -1.31):(-0.61, -7.91, -5.76)
(3.8, -5.75, -6.27):(-0.199622, 1.56098, -1.71261):(0.253906, -0.72699, 0.511719, -0.381042):(0.98, 1.99, -0.94):(3.08, -7.37, -5.68)
(7.93, -6.32, -4.05):(-0.371974, 1.52825, -1.26755):(0.0425415, -0.734558, 0.395142, -0.549927):(0.62, -1.13, 0.13):(7.59, -4.87, -3.83)
(7.42, -5.57, -5.03):(-0.0599957, -0.282525, 0.335976):(0.00238037, -0.72937, 0.380859, -0.568298):(-0.97, -1.6, -1.33):(8.11, -4.27, -3.47)
(7.29, -7.84, -8.47):(-0.340339, -2.54382, 2.22093):(0.116516, -0.742859, 0.488342, -0.442871):(1.79, -1.83, -2.64):(5.33, -5.93, -5.69)
(1.31, -8.74, -8.35):(0.802852, -3.51357, 2.51655):(0.381531, -0.697144, 0.579285, -0.181091):(2.9, -1.07, -2.2):(-2.25, -7.27, -6.18)
(-4.35, -1.52, 1.05):(0.591231, -0.602139, 0.570505):(0.648987, -0.492798, 0.56543, 0.12738):(4.02, 2.55, 2.87):(-8.45, -4.82, -1.17)
(-4.33, -5.11, -0.65):(-0.187623, 1.90896, -1.87841):(0.602478, -0.538513, 0.58905, 0.00598145):(2.9, 0.98, 1.83):(-6.85, -6.42, -2.83)
(0.45, -9.08, -7.01):(-0.499601, 2.30274, -2.1293):(0.420471, -0.661194, 0.589722, -0.195496):(2.35, -0.09, -4.02):(-2.04, -7.72, -5.67)
(6.15, -5.03, -9.45):(-0.451604, 2.52418, -2.11076):(0.180542, -0.727112, 0.534424, -0.391235):(3.15, 0.12, -1.6):(3.98, -6.54, -6.11)
(7.06, -5.31, -5.68):(-0.154898, 0.457058, -0.585777):(-0.026062, -0.718994, 0.408325, -0.561829):(-1.08, -1.62, -1.56):(8.13, -4.13, -3.6)
(7.22, -6.66, -7.24):(-0.160352, -1.73224, 1.42572):(0.00598145, -0.724731, 0.455811, -0.516724):(0.23, -1.61, -2.83):(7.29, -4.7, -4.56)
(4.32, -9.02999, -9.45):(0.915208, -3.59211, 2.57218):(0.267883, -0.726379, 0.56842, -0.278442):(2.77, -1.1, -1.29):(0.57, -7.0, -6.83)
(-1.11, -5.89, -3.98):(0.658862, -2.45001, 1.89477):(0.539551, -0.607605, 0.582153, -0.0280151):(4.26, 1.34, -0.52):(-6.03, -6.67, -3.89)
(-5.54, -3.46, -0.39):(-0.0141808, 1.11265, -1.34609):(0.61084, -0.545654, 0.571777, 0.0474854):(2.17, 2.29, 2.54):(-7.25, -6.09, -2.53)
(-0.52, -5.47, -5.72):(-0.266163, 1.94059, -1.83805):(0.464111, -0.651917, 0.584656, -0.133545):(3.22, 1.07, 0.76):(-3.61, -7.46, -5.23)
(5.48, -3.74, -5.58):(-0.151626, 2.28856, -2.22748):(0.273926, -0.721619, 0.542419, -0.331604):(1.92, -1.1, -2.58):(2.08, -7.32, -6.18)
(8.83, -4.68, -5.26):(0.0665407, 1.29264, -1.38317):(0.0327148, -0.731812, 0.398071, -0.552185):(0.76, -0.54, -1.71):(7.77, -4.68, -3.71)
(6.42, -6.58, -6.06):(-0.291252, -0.820305, 0.850848):(-0.00299072, -0.72937, 0.402588, -0.553101):(-1.19, -2.07, -2.04):(7.85, -4.38, -3.89)
(5.27, -9.02999, -9.17):(0.290161, -3.09687, 2.57982):(0.170105, -0.739624, 0.529358, -0.379211):(1.42, -2.93, -3.88):(3.36, -6.51, -6.51)
(-0.18, -5.33, -4.85):(1.01884, -3.07505, 2.45873):(0.475769, -0.642883, 0.592346, -0.0974121):(3.79, 1.56, 0.58):(-4.29, -7.13, -5.18)
(-4.38, -2.46, 1.11):(0.107992, 0.306524, -0.265072):(0.648438, -0.497131, 0.5625, 0.126526):(3.33, 1.8, 1.76):(-8.36, -4.96, -1.28)
(-5.57, -5.18, -2.77):(-0.345794, 2.08676, -1.86423):(0.566284, -0.584229, 0.580078, -0.0387573):(0.93, 1.9, 0.74):(-5.8, -7.02, -3.63)
(0.07, -6.65, -7.85):(-0.542143, 2.47619, -2.07585):(0.388184, -0.687439, 0.56311, -0.244202):(0.73, 1.06, -2.4):(-0.69, -7.9, -5.76)
(4.61, -6.01, -7.68):(-1.06247, 2.09331, -1.85223):(0.153687, -0.743835, 0.499756, -0.416382):(1.06, -2.64, -0.91):(4.79, -6.18, -5.91)
(8.87, -3.6, -3.52):(0.381791, 0.409062, -0.62941):(-0.0148926, -0.720398, 0.359741, -0.592773):(0.15, 0.09, -0.7):(8.51, -3.93, -2.87)
(7.92, -3.58, -4.3):(0.0785399, -0.141808, 0.119991):(-0.0223389, -0.719849, 0.331055, -0.60968):(-0.8, 0.04, -1.44):(8.74, -3.65, -2.52)
(7.67, -5.68, -5.16):(-0.330522, -1.53916, 1.23046):(0.0283203, -0.743652, 0.392944, -0.540161):(-0.2, -1.46, -1.28):(7.54, -4.65, -4.19)
(3.41, -6.45, -7.32):(0.647954, -2.0224, 1.54571):(0.290771, -0.764587, 0.489624, -0.301819):(1.43, 1.3, -1.14):(1.73, -7.25, -6.36)
(0.0, -6.62, -3.73):(0.182169, -1.02538, 0.831213):(0.407227, -0.728394, 0.527649, -0.158447):(1.69, 1.81, 2.7):(-1.95, -7.45, -6.06)
(-1.05, -6.72, -5.06):(0.265072, 0.194168, -0.203986):(0.429016, -0.722961, 0.522461, -0.1427):(1.07, 1.47, 0.72):(-2.37, -7.54, -5.79)
(-0.6, -6.05, -4.51):(0.0861757, 0.93157, -0.535598):(0.390137, -0.729736, 0.526001, -0.196655):(1.02, 1.55, 1.55):(-1.21, -7.61, -6.06)
(3.2, -7.43, -5.6):(0.233438, 1.49989, -1.44535):(0.273743, -0.75177, 0.487732, -0.349304):(0.49, 2.53, -0.9):(2.53, -7.37, -5.94)
(6.84, -6.33, -5.51):(-0.147262, 1.58171, -1.8086):(0.12616, -0.761841, 0.410278, -0.485107):(0.93, -0.6, -0.91):(6.23, -5.78, -4.87)
(8.68, -6.04, -3.25):(-0.392699, 0.417789, -0.473421):(0.00653076, -0.742004, 0.325806, -0.585815):(-0.5, -1.94, -0.56):(8.51, -3.79, -3.04)
(7.28, -5.66, -5.56):(-0.453786, -0.860666, 1.07229):(0.00946045, -0.741333, 0.364868, -0.563171):(-0.95, -1.45, -2.59):(8.12, -4.16, -3.58)
(1.33, -8.91, -9.33):(0.90539, -3.25504, 2.51873):(0.307983, -0.734192, 0.55658, -0.237305):(1.59, -1.06, -1.13):(-0.33, -7.08, -6.77)
(-2.6, -5.39, -3.72):(0.974113, -2.51219, 2.08131):(0.567139, -0.588013, 0.576599, -0.012146):(3.97, 1.33, 0.77):(-6.27, -6.67, -3.49)
(-4.41, -2.0, 1.32):(-0.0294524, 0.202895, 0.0414516):(0.663452, -0.489685, 0.559265, 0.085022):(3.39, 2.4, 1.94):(-8.08, -5.44, -1.07)
(-3.75, -7.18, -2.82):(-0.0785399, 1.9864, -1.92314):(0.574707, -0.579529, 0.576904, -0.0327759):(2.26, 1.39, 1.25):(-5.92, -7.02, -3.43)
(2.11, -10.72, -7.57):(-1.4748, 2.36601, -2.25366):(0.321899, -0.72113, 0.541504, -0.288269):(1.65, -2.66, -2.78):(0.65, -7.61, -6.14)
(6.94, -4.09, -8.81):(-0.0109083, 2.37365, -2.20348):(0.0892944, -0.754883, 0.432068, -0.485291):(1.05, -0.29, -2.76):(6.42, -5.43, -5.03)
(7.83, -6.49, -4.31):(-0.461422, 0.283616, -0.0894482):(-0.0401611, -0.730774, 0.368042, -0.573486):(-1.31, -3.36, -1.31):(8.51, -3.55, -3.32)
(6.55, -7.91, -9.27):(0.317432, -3.01288, 2.28747):(0.119873, -0.744202, 0.518066, -0.404175):(1.44, -2.46, -2.78):(4.68, -5.85, -6.32)
(0.67, -6.63, -6.9):(0.697041, -3.19832, 2.4511):(0.40686, -0.687866, 0.582092, -0.150085):(2.99, 1.09, -0.68):(-2.62, -7.2, -6.11)
(-4.19, -4.35, 0.4):(0.268345, -1.68752, 1.30027):(0.595398, -0.562988, 0.56897, 0.069397):(3.22, 1.07, 3.95):(-7.51, -5.72, -2.62)
(-5.64, -3.93, -0.77):(-0.0349066, 1.06465, -0.979567):(0.621338, -0.536865, 0.566528, 0.069397):(2.1, 1.86, 1.89):(-7.54, -5.86, -2.22)
(-0.86, -6.47, -6.94):(-0.725403, 2.26348, -2.18603):(0.461975, -0.674683, 0.553467, -0.158325):(2.28, 2.93, -0.56):(-2.63, -7.83, -5.27)
(6.4, -6.05, -5.96):(-0.494147, 2.4391, -2.47401):(0.231995, -0.756348, 0.490417, -0.365479):(3.31, 0.5, -0.61):(3.19, -6.95, -6.13)
(8.25, -4.22, -4.93):(0.415607, 1.99622, -1.55989):(0.0065918, -0.740845, 0.377869, -0.555237):(0.35, 0.92, -1.4):(8.01, -4.21, -3.75)
(7.47, -4.3, -3.8):(0.17017, 0.320704, -0.0676315):(-0.0576172, -0.711304, 0.325012, -0.620605):(-1.55, -1.15, -1.61):(9.02, -3.15, -2.16)
(8.73, -5.95, -5.67):(-0.395972, -2.24602, 1.36681):(0.0319824, -0.747131, 0.400208, -0.529663):(1.22, -1.32, -1.39):(7.35, -4.7, -4.46)
(5.24, -6.43, -5.69):(0.211621, -2.56673, 1.41372):(0.205322, -0.796143, 0.481873, -0.302979):(1.62, -1.52, -0.5):(2.53, -6.13, -7.22)
(-0.25, -6.43, -5.41):(0.975203, -1.38754, 0.809397):(0.391602, -0.765564, 0.488403, -0.148376):(1.27, 0.87, 0.95):(-1.66, -7.34, -6.28)
(-1.61, -5.12, -4.16):(-0.0239983, 0.345794, -0.102538):(0.455627, -0.737732, 0.484009, -0.117676):(0.76, 2.08, 1.28):(-2.59, -7.69, -5.49)
(0.86, -6.22, -4.22):(-0.631591, 1.22173, -0.865029):(0.376831, -0.761292, 0.486694, -0.203918):(1.56, -1.84, 1.18):(-0.41, -7.53, -6.25)
(4.32, -7.21, -4.31):(-0.664316, 1.74533, -1.39299):(0.263916, -0.775879, 0.440613, -0.366394):(0.71, -1.36, 0.47):(3.29, -7.18, -5.8)
(8.06, -7.6, -5.24):(0.17017, 1.88278, -2.00713):(0.101135, -0.770081, 0.338257, -0.531372):(1.14, -2.05, -0.81):(7.35, -5.05, -4.06)
(8.07, -5.66, -1.97):(0.134172, 0.428697, -0.633773):(0.0360718, -0.746704, 0.22821, -0.623718):(-1.05, -2.43, 0.18):(8.97, -3.31, -2.15)
(9.51, -3.3, -2.25):(0.271617, -0.189805, 0.146171):(0.0519409, -0.745117, 0.177734, -0.640747):(0.41, -0.41, -0.56):(9.17, -3.0, -1.7)
(9.35, -2.94, -1.8):(0.351248, -0.190896, 0.211621):(0.0895996, -0.750549, 0.171936, -0.631775):(0.39, 0.75, -0.06):(8.98, -3.47, -1.82)
(9.27, -3.82, -1.45):(0.379609, -0.0567232, 0.083994):(0.124573, -0.748901, 0.159851, -0.63092):(0.57, 0.32, 0.19):(8.87, -3.8, -1.69)
(8.81, -5.07, -1.96):(1.36572, -0.585777, -0.090539):(0.182434, -0.745728, 0.0922241, -0.634094):(0.07, -1.47, -0.52):(8.93, -3.83, -1.27)
(9.9, -7.25, -0.79):(4.22261, -1.02211, 0.626137):(0.40741, -0.726868, -0.0715332, -0.548218):(1.4, -2.2, -0.53):(8.34, -5.11, -0.52)
(6.66, -5.66, 1.59):(4.0808, -0.0589049, 1.18246):(0.72876, -0.508545, -0.254028, -0.381836):(-0.65, 0.02, -1.58):(7.39, -5.3, 3.66)
(7.69, -1.78, 4.16):(1.72024, -0.306524, 0.91848):(0.871216, -0.296814, -0.335999, -0.200012):(0.4, 1.04, -1.81):(6.9, -3.75, 5.86)
(6.75, -3.56, 5.09):(-0.330522, -0.21053, 0.723221):(0.894836, -0.287292, -0.328247, -0.0950317):(0.42, -0.24, -0.7):(6.29, -4.43, 6.07)
(5.12, -6.65, 7.29):(-0.109083, 0.825759, 0.122173):(0.907532, -0.305237, -0.278748, -0.0744019):(-0.22, -1.73, 0.69):(5.33, -5.03, 6.5)
(5.54, -5.02, 6.24):(-0.126536, -2.31583, -0.169079):(0.907654, -0.304993, -0.284729, -0.0459595):(3.22, -1.97, 0.95):(5.49, -5.14, 6.28)
(6.44, -4.65, 5.44):(-0.352339, -0.245437, 0.809397):(0.888855, -0.321716, -0.325256, -0.0262451):(0.4, 0.69, -0.72):(5.8, -5.51, 5.66)
(3.44, -8.34, 4.02):(0.843213, -0.968658, 1.62752):(0.857666, -0.404724, -0.295227, 0.115723):(-0.22, -0.53, -0.98):(4.04, -7.47, 4.88)
(1.9, -8.77, 4.56):(0.857393, -1.08756, 1.69624):(0.824829, -0.359558, -0.302612, 0.31427):(-1.11, -1.58, -1.09):(2.61, -7.67, 5.51)
(4.06, -6.8, 5.96):(-0.0599957, -1.14428, 0.963204):(0.763611, -0.266052, -0.340332, 0.479858):(1.11, -0.48, -0.08):(2.59, -7.21, 6.11)
(4.48, -6.1, 7.55):(0.599957, -0.914117, 0.3807):(0.709534, -0.200562, -0.382446, 0.556824):(0.91, 0.85, 1.02):(3.13, -6.96, 6.14)
(3.75, -6.56, 5.53):(0.284707, -0.479966, 0.0403608):(0.668884, -0.11969, -0.408875, 0.609192):(0.78, -0.01, -0.5):(3.96, -6.43, 6.24)
(4.17, -6.83, 6.24):(0.632682, -0.926116, -0.232347):(0.656921, -0.0756226, -0.418274, 0.622681):(0.11, -0.05, 0.03):(4.54, -6.02, 6.26)
(4.84, -6.39, 6.06):(-0.0872665, 0.743947, -0.188714):(0.678162, -0.065979, -0.414795, 0.603027):(0.01, -0.14, -0.18):(4.7, -5.78, 6.37)