Accel:Gryo:Quarternion:LinearAccel:Gravity
(0.68, -2.02, 9.57):(0.455968, 0.867211, -0.0829032):(0.987366, -0.09375, -0.0950928, -0.085144):(-0.66, 0.59, -0.06):(1.94, -1.6, 9.47)
(2.84, 1.57, 8.5):(-0.423243, 0.01309, 0.0403608):(0.979492, -0.0932007, -0.159363, -0.0808716):(-0.24, 2.96, -0.52):(3.2, -1.53, 9.13)
(2.99, -2.7, 8.48):(-2.13258, 0.250891, 0.0861757):(0.960571, -0.211304, -0.142822, -0.110596):(-0.27, 0.62, 0.0):(3.14, -3.67, 8.52999)
(1.25, -6.81, 7.54):(-1.6417, -0.687224, 1.48353):(0.919739, -0.368713, -0.120422, -0.0604858):(-1.63, -1.13, 0.82):(2.56, -6.64, 6.73)
(0.79, -8.75, 3.04):(-0.857393, -1.93513, 2.0464):(0.840698, -0.461792, -0.182312, 0.216187):(-0.35, -0.36, -2.07):(0.97, -8.45, 4.87)
(-0.18, -10.19, 1.5):(-1.57298, -2.31038, 0.69486):(0.692078, -0.530579, -0.318237, 0.371765):(-0.36, -1.28, -0.93):(0.44, -9.55, 2.15)
(1.37, -7.78, -1.23):(-0.806124, -2.69654, -0.00545416):(0.536987, -0.481506, -0.497864, 0.481567):(0.86, 1.36, -1.51):(0.69, -9.77, 0.39)
(3.93, -11.14, -3.88):(-4.05789, -0.953387, -1.1301):(0.377808, -0.431091, -0.712158, 0.405273):(1.63, -3.68, 0.62):(1.92, -8.7, -4.08)
(6.37, -7.32, -4.59):(-0.541052, 0.22362, -1.12137):(0.343567, -0.32373, -0.84906, 0.237366):(2.4, -1.52, 1.47):(4.21, -6.13, -6.38)
(8.55, -6.53, -6.41):(0.887937, -0.0992657, -0.640318):(0.402283, -0.249268, -0.84845, 0.237061):(3.02, -0.61, -0.88):(5.57, -5.92, -5.47)
(8.62, -4.26, -5.06):(-0.441787, 0.14399, -0.172351):(0.431946, -0.144287, -0.840149, 0.294556):(2.31, 1.13, -0.34):(6.28, -6.07, -4.44)
(9.76, -2.97, -5.09):(0.1309, 0.0229075, 0.15708):(0.438354, -0.182739, -0.84314, 0.252136):(3.36, 2.51, -0.35):(6.33, -5.74, -4.79)
(8.21, -5.63, -5.14):(-0.820305, 0.8923, 0.909754):(0.43988, -0.247925, -0.828674, 0.241577):(2.0, 0.07, -0.07):(5.96, -6.08, -4.86)
(5.8, -4.34, -5.15):(-1.46935, 1.80424, 1.42681):(0.483521, -0.400696, -0.756958, 0.180725):(-0.09, 2.17, -0.84):(5.75, -6.48, -4.58)
(3.66, -6.17, -4.83):(-1.71479, 2.18275, 1.69079):(0.515137, -0.605896, -0.603149, 0.060791):(-1.72, 0.92, 0.14):(5.36, -6.86, -4.51)
(4.73, -5.39, -5.26):(-1.97986, 1.67661, 1.32209):(0.492004, -0.765991, -0.407227, -0.0731201):(0.1, 0.79, -0.79):(5.02, -6.77, -5.0)
(5.09, -4.97, -6.17):(-1.28391, 1.86859, 0.919571):(0.39917, -0.86438, -0.142273, -0.270691):(-0.76, 1.07, -0.72):(5.74, -5.99, -5.21)
(6.37, -6.23, -6.64):(-1.29918, 2.03331, 0.256345):(0.320862, -0.847046, 0.0279541, -0.422852):(-0.25, -0.48, -2.5):(6.91, -5.52, -4.21)
(8.25, -7.0, -5.42):(-2.01367, 0.530144, 1.32427):(0.206543, -0.808838, 0.193848, -0.515259):(1.1, -0.69, -2.08):(7.38, -5.23, -3.76)
(1.7, -10.31, -8.48):(-0.19635, -1.8086, 3.20377):(0.274719, -0.745972, 0.49115, -0.356079):(-0.27, -1.86, -1.91):(2.21, -7.52, -5.88)
(-4.03, -5.2, -6.67):(1.46826, -2.594, 2.75653):(0.530884, -0.608887, 0.579529, -0.107666):(0.71, 2.35, -2.62):(-5.05, -7.46, -3.86)
(-5.42, -2.68, 1.14):(0.0807215, -1.321, 1.64497):(0.701843, -0.426208, 0.558167, 0.119324):(3.25, 1.87, 1.01):(-8.74, -4.43, 0.24)
(-5.87, -4.07, 0.68):(-0.907572, 1.85987, -1.94168):(0.677307, -0.455811, 0.571167, 0.0853882):(3.0, 0.4, 1.62):(-8.35, -5.09, -0.66)
(-0.09, -6.33, -7.75):(-0.255255, 2.81762, -1.9635):(0.419434, -0.670837, 0.563904, -0.236755):(1.83, 3.51, 0.29):(-1.52, -8.13, -5.25)
(7.16, -8.38, -6.07):(-0.44615, 1.90459, -2.19257):(0.196899, -0.72113, 0.49115, -0.447205):(3.11, -1.39, -1.27):(4.42, -7.09, -5.12)
(7.43, -4.61, -4.79):(0.759219, 0.510509, -1.21519):(0.0526733, -0.724487, 0.378174, -0.573853):(-0.29, 1.27, -1.38):(7.76, -5.0, -3.29)
(6.1, -7.69, -6.78):(-0.0523599, -1.29482, 1.27409):(0.0707397, -0.738342, 0.395508, -0.541626):(-0.97, -2.58, -3.66):(7.15, -5.33, -4.07)
(1.15, -8.31, -8.09):(0.64359, -3.46775, 2.79907):(0.37085, -0.731079, 0.529114, -0.219055):(1.59, 0.72, -0.44):(-0.7, -7.59, -6.16)
(-2.7, -4.7, -1.53):(0.39379, -2.55582, 1.86641):(0.585449, -0.608887, 0.53009, 0.074646):(3.87, 0.88, 1.29):(-6.97, -6.21, -2.97)
(-4.83, -2.25, -0.24):(0.607593, 0.884664, -0.937024):(0.643188, -0.550293, 0.518738, 0.120056):(2.85, 3.28, 1.38):(-7.83, -5.72, -1.4)
(-3.2, -7.13, -4.4):(-0.650136, 2.09331, -2.29511):(0.543213, -0.64801, 0.527771, -0.0805054):(1.78, 0.79, 0.05):(-4.35, -7.81, -4.02)
(4.61, -4.62, -7.96):(-0.687224, 2.55582, -2.00058):(0.245117, -0.763367, 0.45636, -0.385864):(1.3, -1.56, -1.61):(3.85, -7.0, -5.68)
(8.67, -7.35, -5.34):(0.0119991, 1.72788, -1.5588):(0.0703735, -0.742554, 0.34314, -0.570862):(0.38, -2.56, -1.86):(7.95, -4.76, -3.19)
(6.76, -6.64, -4.6):(-0.2498, -0.575959, 0.573777):(0.0340576, -0.733093, 0.315491, -0.601563):(-1.71, -1.96, -2.97):(8.43, -4.21, -2.68)
(6.24, -8.07, -9.4):(0.0392699, -2.9387, 2.44346):(0.188232, -0.769714, 0.442688, -0.419678):(1.51, -2.17, -3.48):(4.7, -6.48, -5.65)
(-0.58, -6.58, -4.65):(0.514872, -3.13178, 2.52528):(0.511658, -0.67804, 0.52594, -0.0419922):(4.04, 0.85, -0.43):(-4.72, -7.23, -4.63)
(-4.13, -3.99, 0.88):(-0.224711, -0.454877, 0.425424):(0.615906, -0.580688, 0.51001, 0.15271):(3.7, 0.84, 3.48):(-7.91, -5.46, -1.89)
(-4.73, -5.73, -1.61):(-0.166897, 2.06603, -1.67879):(0.575928, -0.628235, 0.522583, 0.0221558):(1.69, 0.38, 0.76):(-6.17, -6.87, -3.29)
(2.55, -9.67, -7.47):(-0.224711, 2.19912, -2.17621):(0.336121, -0.751404, 0.480042, -0.303345):(1.58, -2.54, -1.96):(1.3, -7.8, -5.78)
(6.66, -5.53, -7.48):(-0.368701, 2.16203, -2.0824):(0.147095, -0.765015, 0.373535, -0.50354):(1.18, -0.06, -1.64):(6.67, -5.74, -4.31)
(7.34, -6.39, -4.87):(-0.297797, 0.00545416, -0.103629):(0.0391846, -0.741577, 0.297363, -0.600098):(-1.77, -3.56, -1.69):(8.49, -4.06, -2.73)
(7.69, -7.33, -8.07):(-0.00872665, -2.4271, 2.15112):(0.12677, -0.769165, 0.375366, -0.501465):(0.88, -1.92, -3.9):(6.39, -5.74, -4.71)
(0.73, -8.06, -5.84):(0.267254, -3.13069, 2.69217):(0.422546, -0.73468, 0.510803, -0.144104):(2.73, -0.21, -0.1):(-2.15, -7.53, -5.89)
(-2.62, -3.95, -1.32):(0.274889, -1.82823, 1.32209):(0.584229, -0.624573, 0.504517, 0.118408):(3.85, 2.4, 0.8):(-7.23, -5.98, -2.83)
(-5.62, -5.07, -0.13):(-0.0458149, 0.901027, -0.81376):(0.599731, -0.60907, 0.500854, 0.135986):(1.98, 0.91, 2.6):(-7.44, -5.89, -2.45)
(-3.01, -7.26, -5.07):(0.0141808, 1.82932, -1.65915):(0.524353, -0.680969, 0.507935, -0.0571289):(2.07, 0.06, 0.83):(-4.46, -7.57, -4.34)
(2.75, -9.71, -5.79):(-1.95695, 1.43663, -1.54244):(0.310669, -0.767517, 0.438171, -0.349854):(1.35, -4.38, -0.47):(2.59, -7.68, -5.51)
(7.98, -6.97, -5.11):(0.0916298, 1.9755, -1.67006):(0.128784, -0.766235, 0.355774, -0.519287):(-0.3, -0.55, -4.25):(6.9, -5.55, -4.19)
(6.25, -6.14, -6.06):(0.110174, -0.293434, 0.172351):(0.0720825, -0.749207, 0.318176, -0.576355):(-1.48, -1.36, -2.32):(7.99, -4.68, -3.21)
(5.72, -9.27999, -9.27):(-0.231256, -2.58745, 2.37038):(0.179199, -0.773499, 0.409302, -0.449524):(0.34, -2.95, -4.06):(5.09, -6.44, -5.36)
(0.67, -6.2, -5.17):(0.82685, -3.11432, 2.24602):(0.469055, -0.72052, 0.499451, -0.106689):(3.76, 1.46, 0.09):(-3.39, -7.65, -5.1)
(-4.09, -4.62, -0.41):(0.0687224, -1.82387, 1.16937):(0.608643, -0.611511, 0.487061, 0.135498):(3.31, 1.78, 2.69):(-7.53, -5.92, -2.06)
(-5.02, -3.73, -0.05):(0.246528, 1.18792, -0.940297):(0.621521, -0.600098, 0.485962, 0.132202):(2.5, 1.49, 2.06):(-7.47, -6.05, -1.88)
(0.0, -7.05, -6.01):(-0.994838, 2.27438, -1.77042):(0.451599, -0.71814, 0.494812, -0.188477):(1.99, 0.14, -0.14):(-1.46, -8.17, -5.21)
(6.14, -8.7, -4.84):(-1.70061, 1.89041, -1.39081):(0.261414, -0.769104, 0.446899, -0.374817):(3.15, -2.78, 1.59):(3.56, -7.08, -5.77)
(7.5, -7.08, -5.6):(-0.280344, 1.14101, -0.982839):(0.0831299, -0.758606, 0.37085, -0.529236):(0.22, -1.95, -1.45):(7.35, -5.01, -4.12)
(6.03, -7.56, -6.94):(0.02618, -1.18464, 0.995929):(0.081604, -0.761658, 0.379883, -0.518616):(-1.13, -2.51, -2.69):(7.02, -5.15, -4.48)
(1.61, -8.93999, -8.18):(0.317432, -3.28122, 2.62018):(0.346436, -0.765442, 0.491638, -0.228821):(1.66, -1.84, -2.32):(-0.3, -7.41, -6.4)
(-3.03, -5.21, -1.89):(0.0676315, -2.66054, 2.09549):(0.546387, -0.657288, 0.51239, 0.0830688):(3.72, 0.6, 2.31):(-6.77, -6.07, -3.65)
(-5.45, -2.71, -0.15):(0.470148, 0.928298, -0.995929):(0.617981, -0.596191, 0.489563, 0.151489):(2.07, 3.15, 1.56):(-7.62, -5.85, -1.92)
(-3.37, -7.93, -4.69):(-0.313069, 2.08458, -2.04858):(0.546021, -0.676819, 0.490234, -0.0588989):(1.19, 0.6, -1.18):(-4.23, -7.88, -4.0)
(4.86, -7.4, -6.12):(-0.145081, 2.19912, -2.18821):(0.282959, -0.773682, 0.417175, -0.383789):(0.98, 1.05, -2.33):(3.75, -7.33, -5.31)
(8.75, -5.48, -5.55):(-0.166897, 1.3919, -1.24028):(0.107361, -0.755371, 0.328918, -0.55658):(1.16, -1.29, -2.73):(7.65, -5.09, -3.41)
(6.27, -5.99, -5.78):(-0.389427, -0.724312, 0.850848):(0.0740356, -0.743469, 0.339233, -0.571594):(-1.55, -1.89, -2.37):(7.76, -4.94, -3.37)
(5.67, -9.22, -8.8):(0.136354, -3.10342, 2.38128):(0.237793, -0.771118, 0.448059, -0.384827):(1.68, -2.63, -3.22):(3.73, -6.97, -5.79)
(-1.29, -6.99, -4.69):(0.663225, -3.01506, 2.24711):(0.528564, -0.678833, 0.508789, -0.0304565):(4.07, 1.42, 0.94):(-5.14, -7.25, -4.12)
(-4.47, -3.21, 1.31):(0.428697, -0.798489, 0.395972):(0.643433, -0.572937, 0.487244, 0.142822):(3.52, 2.56, 3.03):(-7.77, -5.84, -1.21)
(-4.13, -5.49, -0.83):(-0.22362, 1.78787, -1.58498):(0.621216, -0.607117, 0.494141, 0.0361938):(2.37, 1.08, 0.68):(-6.45, -7.04, -2.21)
(1.76, -10.85, -5.43):(-0.122173, 1.93841, -2.0464):(0.394531, -0.744385, 0.460876, -0.27887):(1.31, -0.04, -2.06):(0.5, -8.27999, -5.22)
(5.25, -6.81, -6.44):(0.401426, 2.38019, -2.36274):(0.210144, -0.766968, 0.382568, -0.470398):(-0.61, 0.81, -1.6):(5.49, -6.69, -4.6)
(8.33, -6.25, -4.19):(0.00436333, 0.922843, -0.963204):(0.0760498, -0.742615, 0.299072, -0.594421):(-0.21, -1.4, -1.38):(8.27, -4.52, -2.68)
(6.18, -7.41, -5.87):(-0.213803, -1.35918, 1.29373):(0.0882568, -0.751282, 0.310303, -0.575806):(-1.62, -2.24, -3.41):(7.83, -4.9, -3.27)
(3.29, -8.64, -8.38):(0.229075, -3.13287, 2.62345):(0.321655, -0.774353, 0.466858, -0.280945):(1.97, -1.18, -2.16):(0.93, -7.49, -6.25)
(-2.21, -5.75, -3.0):(0.651226, -2.72272, 2.11621):(0.533813, -0.678772, 0.503967, 0.0175171):(3.28, 1.74, 0.95):(-5.75, -6.84, -4.01)
(-4.49, -2.97, 1.82):(0.584686, 0.02618, -0.0349066):(0.642761, -0.57135, 0.486938, 0.152771):(3.38, 2.45, 2.11):(-7.83, -5.76, -1.22)
(-3.19, -6.88, -1.27):(-0.640318, 2.06931, -2.08567):(0.590088, -0.636414, 0.496582, -0.0129395):(2.65, 0.26, 1.71):(-5.58, -7.49, -2.97)
(3.99, -7.2, -6.64):(-0.019635, 2.46092, -2.53836):(0.321594, -0.765747, 0.431335, -0.352234):(1.43, 0.98, -1.71):(2.56, -7.81, -5.34)
(8.48, -7.17, -5.6):(-0.217075, 1.88168, -1.77696):(0.102539, -0.759521, 0.339661, -0.545166):(0.99, -1.36, -1.86):(7.43, -5.15, -3.77)
(6.64, -5.35, -4.88):(-0.0850849, -0.097084, 0.111265):(0.0216675, -0.734558, 0.304321, -0.606079):(-2.0, -1.71, -3.03):(8.58, -3.94, -2.61)
(7.37, -8.32, -8.93):(-0.174533, -2.79035, 2.28965):(0.127136, -0.763916, 0.40332, -0.487366):(1.75, -3.29, -3.63):(6.02, -5.89, -5.01)
(1.54, -6.49, -5.55):(0.339249, -3.10778, 2.58527):(0.44458, -0.728149, 0.507202, -0.122131):(4.1, 0.48, 0.84):(-3.02, -7.52, -5.51)
(-3.49, -5.91, 1.04):(-0.0349066, -1.54898, 1.10719):(0.596863, -0.613403, 0.50885, 0.0924683):(3.5, 0.41, 3.45):(-7.06, -6.25, -2.65)
(-4.57, -4.64, -0.19):(-0.322886, 1.46608, -1.28936):(0.601746, -0.613831, 0.50946, 0.0396118):(2.62, 1.25, 2.38):(-6.35, -6.93, -2.78)
(1.69, -9.4, -5.73):(-0.451604, 2.2133, -2.02022):(0.379456, -0.742798, 0.48407, -0.264465):(1.34, 0.49, 0.25):(0.54, -8.02, -5.61)
(6.28, -7.35, -6.73):(0.676316, 2.27329, -2.25584):(0.178894, -0.76355, 0.416748, -0.459656):(0.68, 0.51, -2.21):(5.65, -6.34, -4.88)
(8.69, -3.99, -4.71):(0.385064, 0.57705, -0.823578):(0.0379028, -0.734619, 0.32782, -0.592834):(0.34, 1.23, -1.73):(8.34, -4.3, -2.82)
(7.16, -6.18, -5.8):(-0.208349, -1.14319, 1.18246):(0.0436401, -0.737549, 0.364502, -0.566833):(-0.53, -1.54, -3.17):(7.78, -4.77, -3.57)
(4.04, -9.98, -9.04):(0.691587, -3.45685, 2.56673):(0.312012, -0.761047, 0.488464, -0.291382):(2.81, -1.6, -2.19):(0.97, -7.52, -6.21)
(-1.05, -6.29, -2.92):(0.974113, -3.04451, 2.04204):(0.568542, -0.648254, 0.506287, -0.0137939):(4.18, 1.31, -0.71):(-5.71, -7.27, -3.25)
(-4.0, -2.99, 1.89):(0.267254, -0.0283616, -0.0370883):(0.665649, -0.550598, 0.488708, 0.121948):(3.16, 2.95, 1.58):(-7.68, -6.03, -0.82)
(-4.37, -4.65, -1.6):(-0.417789, 2.33656, -2.07585):(0.594849, -0.633789, 0.493713, -0.0256958):(1.05, 2.81, 1.26):(-5.21, -7.73, -3.01)
(3.49, -8.05, -5.84):(-0.733039, 2.6889, -2.24275):(0.322266, -0.752014, 0.449219, -0.358948):(0.19, -1.72, -2.36):(2.75, -7.82, -5.23)
(7.05, -5.23, -6.69):(-0.179987, 1.5348, -1.61443):(0.120483, -0.755188, 0.367432, -0.529297):(0.97, -0.17, -2.2):(7.1, -5.47, -3.96)
(6.68, -7.67, -5.03):(-0.150535, -0.392699, 0.186532):(0.0332642, -0.743408, 0.343872, -0.572693):(-1.67, -3.18, -2.17):(8.12, -4.34, -3.35)
(5.88, -8.19, -8.81):(0.440696, -2.41292, 1.9755):(0.156311, -0.768555, 0.418945, -0.45752):(0.62, -2.21, -2.88):(5.61, -6.11, -5.22)
(0.74, -8.22, -4.4):(0.514872, -3.10014, 2.61145):(0.46283, -0.716187, 0.504456, -0.135437):(3.76, 1.27, 0.99):(-3.01, -7.81, -5.09)
(-4.67, -5.23, 0.08):(0.465785, -1.39736, 1.02756):(0.627869, -0.596375, 0.493896, 0.0785522):(2.49, 1.33, 1.95):(-7.0, -6.58, -1.95)
(-4.26, -3.85, 0.11):(-0.596685, 1.27191, -1.16937):(0.637085, -0.592163, 0.491516, 0.043335):(2.86, 2.41, 2.66):(-6.53, -7.04, -1.94)
(-0.72, -7.81, -4.2):(-0.726494, 2.26238, -2.20239):(0.486877, -0.706116, 0.490295, -0.155029):(2.24, -0.47, -0.89):(-2.53, -8.23, -4.68)
(5.16, -7.08, -8.11):(-0.174533, 2.17075, -2.34311):(0.189697, -0.769958, 0.387207, -0.470337):(0.77, -0.17, -3.25):(5.66, -6.43, -4.76)
(7.91, -6.35, -5.03):(-0.517054, 0.489783, -0.490874):(0.0248413, -0.748047, 0.324341, -0.57843):(-1.13, -2.68, -2.15):(8.35, -3.99, -3.21)
(6.68, -6.88, -6.1):(0.195259, -1.31772, 1.24573):(0.0570068, -0.757996, 0.359863, -0.541016):(-1.19, -2.4, -2.9):(7.64, -4.66, -4.0)
(3.17, -8.61, -8.73):(0.622865, -3.16559, 2.56782):(0.324341, -0.766052, 0.475403, -0.286194):(2.29, -1.28, -1.36):(0.89, -7.6, -6.12)
(-1.77, -5.87, -3.42):(0.716676, -2.50891, 1.97986):(0.548279, -0.667297, 0.503967, -0.0112305):(3.15, 1.95, 0.67):(-5.49, -7.21, -3.73)
(-4.67, -3.86, 1.59):(0.477784, 0.00218166, -0.131991):(0.638062, -0.585938, 0.488159, 0.106262):(3.2, 3.15, 2.89):(-7.31, -6.34, -1.57)
(-2.65, -7.15, -2.84):(-0.753765, 1.96895, -1.84896):(0.570496, -0.65686, 0.491638, -0.0374146):(2.51, 0.1, 0.57):(-4.8, -7.77, -3.55)
(3.65, -7.99, -7.04):(-0.521417, 2.55364, -2.10421):(0.305908, -0.765381, 0.43219, -0.365845):(1.06, -0.51, -0.92):(3.18, -7.6, -5.31)
(8.99, -7.48, -6.03):(-0.791944, 1.6177, -1.53153):(0.0894775, -0.755188, 0.350891, -0.546448):(1.22, -3.5, -2.38):(7.6, -4.96, -3.7)
(5.92, -6.85, -5.74):(0.0, -0.36761, 0.307614):(0.0269775, -0.743225, 0.334656, -0.578674):(-2.15, -2.28, -2.39):(8.25, -4.19, -3.22)
(7.52, -7.59, -8.52999):(0.0349066, -2.7249, 2.1653):(0.149109, -0.771912, 0.408081, -0.464111):(1.39, -2.85, -3.99):(5.55, -6.09, -5.3)
(1.04, -8.47, -7.13):(0.2498, -3.31722, 2.40092):(0.444946, -0.732788, 0.49762, -0.131836):(5.07, -1.11, 0.32):(-2.8, -7.63, -5.47)
(-4.15, -4.16, -1.01):(0.598866, -1.62534, 1.15955):(0.620728, -0.602844, 0.493774, 0.0863037):(2.7, 1.59, 1.5):(-7.03, -6.5, -2.1)
(-5.01, -4.24, -0.09):(-0.305433, 1.88059, -1.27409):(0.620911, -0.606689, 0.494019, 0.0481567):(1.64, 3.05, 0.83):(-6.58, -6.92, -2.19)
(-0.15, -8.09, -4.5):(-0.753765, 2.27657, -2.00713):(0.465088, -0.719543, 0.491638, -0.155762):(2.47, 0.05, 0.87):(-2.28, -8.06, -5.08)
(6.62, -6.63, -7.53):(-0.391608, 2.06058, -1.99186):(0.180298, -0.76947, 0.395569, -0.467896):(3.11, -1.39, -1.09):(5.66, -6.35, -4.87)
(7.89, -5.5, -4.18):(-0.125446, 0.796307, -0.74722):(0.0339355, -0.730713, 0.309692, -0.607483):(-0.5, -1.29, -1.71):(8.52999, -4.12, -2.5)
(7.09, -6.5, -5.14):(-0.0272708, -0.907572, 0.906481):(0.0284424, -0.733276, 0.329651, -0.593933):(-0.84, -1.6, -1.59):(8.27999, -4.32, -2.95)
(5.57, -9.18, -8.41):(0.478875, -3.36303, 2.64527):(0.273254, -0.77002, 0.468262, -0.336365):(2.88, -1.66, -2.16):(2.57, -7.21, -6.12)
(-0.84, -7.48, -5.67):(0.867211, -2.94197, 2.40746):(0.514709, -0.684631, 0.512817, -0.0578003):(3.6, 0.91, -2.1):(-4.69, -7.42, -4.35)
(-4.52, -2.07, 1.59):(0.953387, -0.969749, 0.625046):(0.662598, -0.543457, 0.499756, 0.125977):(3.14, 4.58, 2.17):(-7.86, -5.8, -0.79)
(-4.01, -5.69, 0.06):(-0.691587, 1.74206, -1.66134):(0.622375, -0.595825, 0.505981, 0.0404053):(2.9, 1.11, 2.64):(-6.64, -6.87, -2.17)
(2.07, -9.77, -7.77):(-0.913026, 2.74235, -2.1064):(0.356567, -0.746277, 0.491089, -0.273438):(1.52, -1.4, -0.8):(0.89, -7.8, -5.87)
(6.93, -6.11, -5.79):(0.411243, 2.03113, -2.12603):(0.160278, -0.767578, 0.390381, -0.482422):(1.01, 0.15, -1.26):(6.24, -6.0, -4.6)
(7.13, -5.68, -3.9):(-0.0818124, 0.496328, -0.44615):(0.0446777, -0.743103, 0.299866, -0.596558):(-1.07, -1.47, -0.95):(8.45, -4.12, -2.76)
(7.13, -7.33, -7.34):(-0.279253, -1.85223, 1.66243):(0.0820923, -0.758911, 0.362244, -0.534851):(0.17, -2.14, -2.84):(7.21, -5.13, -4.21)
(2.87, -8.68, -7.69):(1.34827, -3.35103, 2.61581):(0.399109, -0.75354, 0.473572, -0.220398):(2.81, -0.57, -2.11):(-0.83, -7.99, -5.61)
(-2.25, -4.8, -1.7):(0.950114, -2.37474, 2.27002):(0.631348, -0.601379, 0.486389, 0.0562134):(4.08, 2.72, 0.12):(-6.86, -6.78, -1.72)
(-4.31, -4.21, 1.37):(-0.00109083, 0.557415, -0.43306):(0.691528, -0.518738, 0.476196, 0.161011):(3.28, 0.97, 0.72):(-8.06, -5.57, 0.02)
(-4.51, -6.4, -2.69):(-0.245437, 2.546, -2.36056):(0.608459, -0.622498, 0.491699, -0.0234985):(0.97, 2.13, -0.07):(-5.58, -7.65, -2.53)
(4.16, -8.56, -7.49):(-1.43335, 2.28202, -2.39765):(0.289734, -0.777039, 0.438293, -0.34668):(2.19, -1.15, -1.9):(3.07, -7.24, -5.84)
(9.18, -7.09, -5.31):(0.369792, 1.84023, -1.69079):(0.0773926, -0.763184, 0.341675, -0.54303):(1.37, -1.65, -0.73):(7.76, -4.68, -3.73)
(8.74, -5.25, -2.21):(1.39626, 0.0741765, -0.614138):(0.0462036, -0.742615, 0.198975, -0.637756):(-0.12, -0.72, -0.57):(9.12, -3.13, -1.73)
(9.22, -2.75, -2.48):(1.72024, -0.625046, -0.0654499):(0.167725, -0.751892, 0.0442505, -0.636047):(0.12, 0.49, -1.04):(9.22, -3.04, -1.32)
(9.45, -2.24, -1.99):(1.20428, -0.265072, -0.111265):(0.291077, -0.743347, -0.0856323, -0.59613):(0.38, 0.9, -0.78):(9.17, -3.25, -1.16)
(8.86, -4.02, -1.28):(-0.0785399, 0.208349, -0.00109083):(0.344421, -0.724548, -0.143982, -0.579346):(-0.2, -0.63, -0.38):(9.2, -3.25, -0.88)
(8.59, -4.14, -0.46):(0.127627, 0.100356, -0.198531):(0.343445, -0.707886, -0.15802, -0.596619):(-0.53, -0.97, -0.11):(9.35, -2.9, -0.5)
(10.11, -2.95, -2.01):(2.85034, -0.834486, 0.338158):(0.462158, -0.656433, -0.28833, -0.521912):(0.84, -0.03, -1.34):(9.33, -2.99, -0.27)
(9.35, -3.09, 1.24):(3.65865, 0.162534, 1.04502):(0.682739, -0.518433, -0.382141, -0.345032):(0.07, 0.93, -0.95):(8.57, -4.38, 1.83)
(7.23, -2.83, 2.71):(2.29729, -0.596685, 0.278162):(0.815674, -0.327332, -0.44574, -0.169861):(-1.3, 1.09, -1.71):(8.22, -3.75, 3.8)
(8.88, -2.71, 3.64):(0.102538, -0.110174, 0.154898):(0.828979, -0.259094, -0.48291, -0.111389):(0.72, 0.4, -0.17):(8.41, -3.15, 3.91)
(8.41, -4.25, 3.79):(0.115628, -0.159261, -0.0632682):(0.823914, -0.269714, -0.490173, -0.090271):(0.14, -0.67, 0.22):(8.4, -3.48, 3.65)
(9.6, -1.57, 3.67):(0.378518, 0.129809, 0.0556324):(0.829407, -0.25885, -0.486877, -0.0894165):(1.12, 1.39, -0.21):(8.36, -3.34, 3.86)
