Accel:Gryo:Quarternion:LinearAccel:Gravity
(-6.64, -4.78, 5.6):(0.0152716, -0.0109083, 0.0294524):(0.822449, -0.398315, 0.256653, 0.314819):(-0.04, 0.05, 0.2):(-6.59, -4.84, 5.41)
(-6.53, -4.1, 5.78):(0.0861757, -0.100356, -0.0501782):(0.823364, -0.396973, 0.243896, 0.324036):(-0.49, 0.59, 0.16):(-6.46, -4.86, 5.54)
(-5.39, -4.33, 6.43):(0.215985, -0.0949023, -0.101447):(0.831055, -0.392944, 0.191589, 0.343872):(0.41, 0.57, 0.45):(-5.76, -5.1, 6.06)
(-4.21, -5.08, 6.4):(-0.0479966, 0.0109083, -0.608684):(0.844727, -0.391479, 0.181702, 0.316406):(1.55, 0.18, 0.41):(-5.43, -5.35, 6.15)
(-3.88, -6.07, 5.2):(-0.448332, 1.37008, -1.45735):(0.860168, -0.439941, 0.207092, 0.153748):(0.85, 0.33, -0.02):(-4.82, -6.79, 5.16)
(-5.04, -9.22, 0.91):(-1.79442, 1.93295, -0.60323):(0.7677, -0.570557, 0.291504, 0.00970459):(-0.58, -0.73, -0.67):(-4.48, -8.58, 1.53)
(-2.89, -9.7, -2.56):(-1.3679, 2.13585, -0.101447):(0.5979, -0.686401, 0.408813, -0.0650024):(1.02, -1.13, 0.14):(-3.85, -8.54, -2.88)
(-1.09, -9.34, -4.97):(-0.0741765, 1.78787, -0.374155):(0.490601, -0.682495, 0.500427, -0.207458):(1.15, -1.39, -0.02):(-1.93, -8.6, -4.29)
(-1.17, -7.26, -4.99):(-0.757037, 1.20864, -0.362156):(0.328735, -0.668518, 0.564514, -0.355408):(-2.47, 0.98, 0.32):(1.02, -8.24, -5.21)
(0.71, -10.01, -4.82):(0.064359, 0.335976, -0.779944):(0.255249, -0.686768, 0.548828, -0.402466):(-1.53, -1.47, 0.88):(2.67, -7.77, -5.35)
(5.63, -8.48, -3.46):(0.277071, -0.346884, -0.99702):(0.251038, -0.7146, 0.460388, -0.462952):(1.83, 0.67, 0.91):(4.28, -7.68, -4.31)
(5.99, -6.66, -4.51):(-0.340339, 0.135263, -1.05811):(0.18335, -0.746094, 0.405579, -0.495178):(0.58, -0.12, 0.0):(5.78, -6.62, -4.33)
(7.13, -4.74, -4.93):(0.163625, 0.28907, -0.811579):(0.114868, -0.765381, 0.350769, -0.527222):(0.11, 0.64, -0.65):(7.17, -5.3, -4.06)
(7.78, -4.64, -4.28):(0.0676315, 0.335976, -0.447241):(0.0846558, -0.756287, 0.298584, -0.575928):(0.02, -0.09, -1.06):(8.07, -4.59, -3.13)
(7.51, -3.88, -4.55):(0.0676315, -0.278162, 0.0359974):(0.0755005, -0.753174, 0.290771, -0.585266):(-0.78, 0.4, -1.62):(8.21, -4.45, -2.97)
(5.68, -7.47, -8.25):(0.0818124, -2.45655, 1.84569):(0.197815, -0.81073, 0.389465, -0.389709):(1.23, -1.33, -2.21):(4.42, -6.21, -6.16)
(0.32, -8.01, -6.97):(0.593412, -2.49582, 1.86859):(0.395142, -0.78302, 0.452576, -0.16095):(1.28, -0.36, -0.44):(-1.32, -7.51, -6.16)
(-3.42, -5.81, -4.94):(0.356702, -1.72788, 1.49226):(0.541382, -0.695007, 0.470886, 0.0459595):(2.29, 1.2, 0.91):(-5.62, -6.95, -4.01)
(-5.95, -4.39, -0.49):(0.345794, -0.581413, 0.441787):(0.604492, -0.622498, 0.475037, 0.146179):(1.46, 1.71, 1.68):(-7.45, -5.99, -2.16)
(-5.3, -4.9, -2.76):(0.109083, 1.44535, -1.20319):(0.587891, -0.640625, 0.489868, 0.0639648):(1.05, 1.47, 0.9):(-6.32, -6.84, -3.04)
(-1.98, -8.83, -3.07):(-0.256345, 1.63625, -1.6657):(0.501709, -0.713318, 0.47467, -0.119141):(1.14, -0.37, -0.47):(-2.79, -8.18, -4.63)
(1.92, -9.11, -5.09):(-0.370883, 1.62316, -1.5948):(0.364929, -0.764954, 0.443665, -0.291321):(0.63, -2.24, -0.22):(1.19, -8.0, -5.53)
(4.99, -7.41, -5.83):(0.0458149, 1.66025, -1.54462):(0.242126, -0.777954, 0.380249, -0.437744):(-0.19, -0.31, -1.57):(4.87, -6.95, -4.89)
(7.35, -5.5, -2.82):(-0.0730857, 1.23482, -0.935933):(0.0874023, -0.743469, 0.292236, -0.595154):(-0.83, -0.72, -0.08):(8.17, -4.68, -2.7)
(7.82, -4.97, -3.36):(-0.0305433, -0.105811, 0.0981748):(0.0689087, -0.732727, 0.260071, -0.625122):(-0.59, -1.2, -1.11):(8.62, -4.18, -2.06)
(7.7, -6.16, -5.08):(-0.490874, -1.39626, 1.29045):(0.109192, -0.756836, 0.321899, -0.558228):(-0.09, -1.45, -1.88):(7.59, -5.14, -3.46)
(3.93, -8.27, -7.32):(0.807215, -2.33438, 1.79878):(0.31958, -0.782288, 0.410034, -0.34314):(1.05, -0.7, -1.83):(2.69, -7.66, -5.49)
(-0.68, -6.91, -4.82):(0.825759, -2.00495, 1.82714):(0.498169, -0.729187, 0.447571, -0.140625):(1.56, 2.3, -0.44):(-2.59, -8.34, -4.44)
(-4.01, -5.2, -1.05):(0.356702, -1.40172, 1.36354):(0.610535, -0.639282, 0.465088, 0.0473633):(1.87, 1.83, 1.63):(-6.16, -7.22, -2.45)
(-5.98, -6.1, -0.1):(-0.136354, -0.0829032, -0.0763582):(0.637085, -0.605591, 0.464172, 0.109253):(1.11, 0.46, 1.5):(-7.08, -6.58, -1.61)
(-5.89, -6.48, -1.6):(0.0992657, 0.469058, -0.323977):(0.608032, -0.641479, 0.460571, 0.0812378):(0.58, 1.0, 0.78):(-6.51, -6.91, -2.42)
(-4.4, -6.34, -2.03):(0.19635, 1.26318, -1.22609):(0.578918, -0.671143, 0.462708, -0.0162964):(1.02, 1.28, 1.18):(-4.9, -7.82, -3.28)
(-1.24, -8.56, -5.07):(0.1309, 1.50426, -1.7257):(0.496338, -0.726685, 0.43512, -0.190308):(0.31, 0.45, -1.53):(-1.52, -8.69, -4.26)
(3.18, -8.9, -6.25):(-0.776672, 1.56534, -1.56425):(0.358276, -0.773132, 0.395752, -0.342529):(1.08, 0.05, -0.44):(2.6, -8.01, -5.01)
(5.87, -6.19, -5.61):(-0.167988, 1.52607, -1.40499):(0.184265, -0.774231, 0.322021, -0.512756):(-0.24, 0.2, -1.16):(6.62, -6.03, -3.98)
(8.93999, -5.06, -3.78):(-0.273799, 0.713404, -0.561778):(0.0782471, -0.742004, 0.264221, -0.611084):(0.12, -1.0, -1.02):(8.52, -4.26, -2.31)
(7.32, -5.28, -4.43):(-0.266163, -0.443968, 0.467967):(0.0596313, -0.738037, 0.282837, -0.60968):(-0.84, -1.55, -1.4):(8.49, -4.24, -2.44)
(7.01, -8.52, -6.43):(0.154898, -2.36601, 1.85114):(0.163452, -0.77655, 0.3703, -0.482849):(0.93, -2.25, -1.63):(5.94, -6.12, -4.82)
(-0.02, -7.81, -5.95):(0.229075, -2.38565, 2.12276):(0.45459, -0.742981, 0.465759, -0.156128):(1.58, -0.41, -1.12):(-2.16, -8.02, -5.2)
(-3.59, -4.86, -1.01):(0.47233, -1.79224, 1.37554):(0.592896, -0.650452, 0.471558, 0.0548706):(2.05, 2.21, 1.72):(-6.18, -7.05, -2.85)
(-5.74, -4.55, -0.58):(-0.18326, 0.268345, -0.326159):(0.632263, -0.609497, 0.463562, 0.117859):(1.45, 1.56, 1.77):(-7.12, -6.51, -1.73)
(-4.99, -7.41, -2.27):(-0.203986, 1.4519, -1.00793):(0.588074, -0.658203, 0.469788, 0.0144043):(0.43, 0.26, 0.11):(-5.6, -7.45, -3.01)
(-1.1, -9.99, -4.12):(-0.178896, 1.53589, -1.41372):(0.462402, -0.734741, 0.46875, -0.163147):(0.78, -1.32, -0.49):(-1.7, -8.18, -5.11)
(1.4, -6.6, -6.26):(-0.01309, 1.49989, -1.4639):(0.356445, -0.763245, 0.42688, -0.328918):(0.0, 2.26, -0.06):(1.93, -8.08, -5.19)
(5.18, -6.65, -5.67):(-0.450513, 1.23591, -1.46935):(0.232483, -0.775513, 0.359741, -0.463806):(0.68, -1.19, -0.01):(5.41, -6.8, -4.52)
(7.85, -6.44, -3.97):(-0.569414, 0.115628, -0.0927207):(0.0823975, -0.746887, 0.266113, -0.603821):(-0.64, -2.66, -1.3):(8.41, -4.34, -2.54)
(7.48, -6.83, -5.66):(-0.259618, -1.4519, 1.32972):(0.103943, -0.762573, 0.321472, -0.551636):(-0.1, -2.07, -2.45):(7.59, -5.03, -3.62)
(4.58, -8.45, -7.37):(0.654499, -2.47291, 2.15766):(0.277405, -0.788025, 0.407898, -0.368347):(1.11, -1.22, -1.74):(3.18, -7.34, -5.66)
(-0.08, -7.16, -4.05):(0.94466, -2.30274, 2.19148):(0.497559, -0.723328, 0.461975, -0.125488):(1.72, 1.62, -0.11):(-2.72, -8.19, -4.64)
(-4.33, -4.92, -0.01):(0.625046, -0.930479, 0.863939):(0.639709, -0.601929, 0.466309, 0.10498):(2.44, 1.92, 1.41):(-7.15, -6.54, -1.47)
(-6.07, -5.25, 0.42):(-0.0512691, 0.665407, -0.898845):(0.655334, -0.593628, 0.45813, 0.0907593):(1.04, 1.31, 1.84):(-6.94, -6.81, -1.22)
(-4.38, -6.94, -1.62):(-0.437423, 1.13119, -1.32972):(0.596313, -0.660278, 0.454834, -0.0391235):(1.1, 1.58, 0.57):(-4.81, -8.07, -2.8)
(-1.2, -8.7, -5.0):(-0.265072, 1.46717, -1.44753):(0.49823, -0.726807, 0.436218, -0.182129):(0.86, -0.6, 0.42):(-1.49, -8.65, -4.35)
(3.29, -5.83, -4.44):(0.31525, 1.31118, -1.69188):(0.345703, -0.776184, 0.351868, -0.3927):(-0.84, 1.42, -1.11):(3.59, -7.97, -4.43)
(7.38, -7.56, -4.69):(-0.206167, 1.00356, -1.42135):(0.219971, -0.782043, 0.301819, -0.49884):(1.2, -0.48, -0.35):(6.48, -6.23, -3.9)
(7.55, -6.09, -4.22):(-0.665407, 1.05483, -0.771218):(0.0949707, -0.75708, 0.266235, -0.588989):(-0.39, -1.41, -1.35):(8.3, -4.41, -2.78)
(7.61, -5.18, -3.64):(-0.258527, -0.110174, 0.195259):(0.0532227, -0.749756, 0.285645, -0.594482):(-0.83, -1.24, -0.77):(8.43, -4.12, -2.83)
(6.86, -6.79, -6.41):(0.0523599, -2.00713, 1.51626):(0.147888, -0.782043, 0.354675, -0.490662):(0.38, -1.6, -2.07):(6.31, -5.78, -4.77)
(2.42, -9.13, -6.94):(0.959932, -2.37038, 2.01477):(0.346008, -0.784485, 0.424194, -0.291382):(0.49, -1.16, -1.21):(1.31, -7.83, -5.75)
(-1.95, -5.72, -4.29):(0.531235, -2.25039, 2.17621):(0.536743, -0.704346, 0.461548, -0.0525513):(1.93, 2.0, 0.78):(-4.13, -7.89, -4.1)
(-6.62, -4.05, 0.24):(0.478875, -0.35452, 0.18326):(0.668762, -0.563416, 0.460876, 0.151367):(0.83, 2.05, 0.88):(-7.71, -6.02, -0.58)
(-6.15, -5.7, -0.34):(-0.200713, 0.755946, -0.880301):(0.662415, -0.587891, 0.451111, 0.109619):(1.24, -0.01, 1.29):(-7.06, -6.72, -1.04)
(-3.68, -7.48, -1.83):(0.10472, 1.50753, -1.45844):(0.604797, -0.653625, 0.453796, -0.0320435):(1.29, 0.2, 0.22):(-4.81, -8.11, -2.67)
(0.12, -7.86, -3.84):(-0.351248, 1.65479, -1.62861):(0.492737, -0.722839, 0.436707, -0.209778):(1.32, 1.28, 0.05):(-1.24, -8.77999, -4.18)
(4.05, -7.72, -5.52):(-0.361065, 1.6057, -1.6657):(0.307556, -0.777649, 0.384094, -0.391357):(0.23, 0.63, -0.89):(3.86, -7.57, -4.88)
(6.76, -5.89, -6.84):(-0.0687224, 1.71042, -1.47699):(0.133423, -0.769531, 0.327942, -0.531433):(0.14, 0.18, -2.44):(7.28, -5.33, -3.82)
(8.05, -4.2, -2.45):(0.369792, 0.704677, -0.70904):(0.0415649, -0.736938, 0.266113, -0.619995):(-0.58, -0.18, -0.21):(8.74, -3.83, -2.23)
(8.71, -3.67, -1.87):(0.657771, -0.0829032, -0.229075):(0.0594482, -0.730103, 0.194336, -0.652405):(-0.13, -0.62, -0.44):(9.12, -3.32, -1.37)
(8.75, -3.78, -1.64):(0.0141808, -0.226893, 0.138536):(0.103455, -0.738586, 0.159119, -0.646912):(-0.11, -0.31, -0.29):(9.02999, -3.53, -1.41)
(9.01, -4.05, -1.71):(-0.0665407, -0.1309, 0.0927207):(0.115723, -0.748352, 0.165527, -0.631836):(-0.01, -0.16, -0.05):(8.89, -3.74, -1.71)
(8.77999, -4.03, -1.73):(-0.0119991, -0.0305433, -0.00436333):(0.120422, -0.75061, 0.166626, -0.62793):(0.03, -0.28, 0.08):(8.85, -3.82, -1.78)
(8.52999, -3.81, -2.02):(-0.0578141, 0.0316341, -0.0567232):(0.117798, -0.75, 0.163696, -0.629944):(-0.35, -0.06, -0.27):(8.88, -3.75, -1.75)
(8.65, -3.79, -1.82):(0.00218166, -0.0316341, -0.0283616):(0.11615, -0.750671, 0.161194, -0.630127):(-0.21, -0.17, -0.2):(8.9, -3.7, -1.76)
(8.54, -4.45, -1.86):(0.488693, -0.253073, 0.126536):(0.139709, -0.755615, 0.147827, -0.622681):(-0.39, -0.59, -0.26):(8.82, -3.87, -1.81)
(8.71, -3.34, -2.41):(1.35263, -0.207258, -0.138536):(0.202515, -0.758057, 0.0949707, -0.612671):(-0.1, 0.67, -0.52):(8.73, -4.16, -1.61)
(9.13, -4.84, -0.6):(2.89943, -0.337067, -0.423243):(0.40625, -0.696838, -0.123169, -0.578064):(0.15, -0.87, -0.54):(8.89, -4.11, 0.07)
(8.98, -2.48, 1.22):(2.88198, -0.193077, -0.318523):(0.574158, -0.554749, -0.332336, -0.502197):(-0.22, -0.13, 0.17):(9.21, -2.9, 1.66)
(9.57, -0.76, 1.84):(1.88932, 0.0294524, -0.0305433):(0.677307, -0.403564, -0.459229, -0.409241):(0.28, 1.31, -0.5):(9.33, -1.67, 2.47)
(8.62, -1.54, 2.77):(0.318523, 0.0719949, 0.233438):(0.719482, -0.358398, -0.466675, -0.368896):(-0.12, 0.95, -0.37):(9.17, -1.68, 3.01)
(8.58, -2.06, 3.22):(-0.22362, 0.0719949, 0.259618):(0.728455, -0.38855, -0.436646, -0.357422):(-0.31, 0.22, 0.06):(8.96, -2.49, 3.1)
(8.59, -3.08, 3.67):(0.179987, 0.849758, 0.258527):(0.735657, -0.399597, -0.409912, -0.362122):(-0.57, 0.25, 0.09):(8.71, -2.85, 3.46)
