Accel:Gryo:Quarternion:LinearAccel:Gravity
(-1.59, -6.03, 7.9):(0.0872665, -0.112356, -0.0534508):(0.93335, -0.330322, 0.0762329, 0.117981):(0.16, 0.15, 0.08):(-2.15, -5.87, 7.55)
(-5.57, -1.57, 4.81):(-0.295615, -1.01229, -0.260709):(0.935608, -0.329041, 0.0257568, 0.125122):(-0.13, -1.23, 0.83):(-1.28, -5.97, 7.66)
(0.21, -5.21, 8.01):(-0.342521, 0.352339, -0.201804):(0.932922, -0.339905, 0.00390625, 0.118774):(1.01, 0.78, 0.66):(-0.88, -6.24, 7.5)
(1.08, -5.92, 5.85):(-0.565051, 0.759219, -1.38645):(0.921692, -0.385925, 0.0252686, 0.0297852):(1.62, 1.35, -1.15):(-0.63, -7.01, 6.82)
(2.23, -6.27, 3.44):(-1.64061, 0.739584, -2.51546):(0.862, -0.473999, 0.0165405, -0.178894):(0.8, 0.66, -2.08):(1.53, -8.12, 5.26)
(6.97, -7.7, 1.46):(-1.79333, 0.126536, -1.82605):(0.614807, -0.637085, -0.0499878, -0.462219):(1.28, -1.52, -0.29):(6.49, -7.14, 1.67)
(9.48, -3.95, -0.15):(-2.28638, -0.198531, -1.95368):(0.398987, -0.71051, -0.0914307, -0.572388):(1.22, -0.01, -0.32):(8.69, -4.53, -0.25)
(11.08, -2.94, -2.05):(-1.80424, 0.424333, -0.427606):(0.187744, -0.750244, -0.0563965, -0.631409):(1.61, -0.6, -0.5):(9.49, -2.06, -1.29)
(8.83, -2.43, -1.03):(-1.58716, 0.971931, 0.457058):(0.0847168, -0.727539, 0.0739746, -0.676819):(-1.07, -0.22, -0.23):(9.52999, -2.19, -0.68)
(8.73, -2.83, 0.46):(-0.70904, 0.0698132, -0.0370883):(0.0145874, -0.694153, 0.190369, -0.694031):(-0.74, -0.3, 1.17):(9.39, -2.78, -0.36)
(10.36, -3.25, -0.76):(-0.155989, -0.43306, -0.2618):(-0.026123, -0.705811, 0.21405, -0.674744):(1.69, -1.08, 0.04):(9.45, -2.47, -0.86)
(7.73, -2.77, -0.63):(0.28907, -0.158171, 0.173442):(-0.0463257, -0.718689, 0.195801, -0.665527):(-1.82, -0.86, 0.44):(9.55, -1.92, -1.09)
(9.48, -2.07, -2.18):(0.727585, 0.233438, 0.127627):(0.0123901, -0.723755, 0.143372, -0.674866):(-0.15, 0.02, -1.25):(9.54, -2.07, -0.87)
(11.22, -2.82, -1.17):(-0.269435, 0.85303, 0.14399):(0.0374146, -0.695984, 0.140381, -0.703186):(1.14, -0.28, -0.73):(9.49, -2.45, -0.01)
(7.81, -2.03, 0.48):(-0.611956, 0.215985, 0.935933):(0.0369263, -0.650146, 0.219055, -0.726624):(-1.13, 1.47, -0.21):(9.1, -3.59, 0.57)
(8.52999, -2.03, 0.17):(-0.604321, -0.0872665, -0.064359):(0.0151978, -0.647278, 0.270264, -0.712585):(-0.56, 1.93, 0.13):(8.96, -3.96, 0.12)
(9.52999, -1.94, -0.85):(-1.13774, 0.189805, -0.438514):(-0.0822144, -0.658875, 0.310181, -0.68042):(0.31, 0.93, -0.29):(9.3, -3.03, -0.61)
(9.36, -1.61, -2.01):(-1.5937, 0.562869, 0.342521):(-0.193481, -0.622009, 0.384827, -0.65387):(-0.5, 0.74, -1.23):(9.43, -2.59, -0.66)
(10.6, -1.21, -0.07):(-1.15192, 0.769036, 0.0359974):(-0.289795, -0.516968, 0.472412, -0.652344):(1.63, 2.01, -0.42):(9.29, -3.11, 0.21)
(8.54, -1.51, 1.46):(-1.74206, 0.447241, -0.417789):(-0.398193, -0.437256, 0.539429, -0.599365):(-0.8, 1.0, 1.19):(9.36, -2.89, 0.33)
(7.91, -2.44, -0.06):(-1.93513, 0.0850849, -0.0141808):(-0.551453, -0.323364, 0.637634, -0.42981):(-1.27, -0.3, -0.1):(9.62, -1.87, -0.25)
(11.16, -4.44, -1.72):(-1.21519, -0.090539, 0.110174):(-0.595581, -0.223328, 0.698669, -0.327576):(1.84, -2.55, -1.17):(9.59, -1.87, -0.77)
(8.27999, -2.57, -1.17):(-0.319614, -0.152716, 0.0632682):(-0.607605, -0.175842, 0.720093, -0.285217):(-0.86, -0.38, -0.3):(9.56, -1.93, -0.98)
(10.41, -3.06, -0.58):(-0.454877, 0.386154, 0.191986):(-0.624573, -0.143982, 0.72113, -0.262878):(0.89, -0.94, 0.35):(9.57, -1.96, -0.76)
(6.89, -1.22, 0.79):(-0.789762, 0.237801, 0.62941):(-0.664246, -0.0488892, 0.706665, -0.23877):(-2.3, 1.47, 0.78):(9.43, -2.67, -0.03)
(7.36, -2.01, -0.56):(-0.980658, -0.254164, 0.195259):(-0.654358, 0.0319214, 0.729675, -0.195923):(-2.18, 1.29, 0.01):(9.24, -3.21, -0.65)
(9.84, -2.13, -2.04):(-0.610866, 0.226893, -0.166897):(-0.628967, 0.0852661, 0.753662, -0.170593):(0.25, 1.43, -0.37):(9.02, -3.54, -1.46)
(9.5, -4.53, -1.6):(-0.070904, 0.137445, -0.342521):(-0.632263, 0.0948486, 0.758362, -0.127136):(0.0, -1.1, -0.04):(9.17, -3.03, -1.64)
(12.32, -2.32, -2.73):(-0.111265, 0.155989, -0.337067):(-0.622131, 0.048645, 0.771667, -0.123047):(2.64, -0.58, -0.83):(9.29, -2.45, -1.91)
(13.12, -3.08, -3.37):(-0.293434, -0.254164, 0.254164):(-0.602844, 0.0465088, 0.785706, -0.130798):(3.7, -0.48, -0.97):(9.16, -2.57, -2.36)
(10.9, -1.86, -2.96):(-0.474512, 0.0829032, -0.0523599):(-0.592407, 0.06604, 0.795044, -0.112427):(1.83, 0.63, -0.02):(9.09, -2.5, -2.68)
(8.35, -1.37, -2.23):(-0.874847, 0.199622, -0.0294524):(-0.604187, 0.115906, 0.787903, -0.0275879):(-0.9, 0.6, 0.14):(9.27999, -1.77, -2.62)
(7.37, -2.43, -1.85):(-0.698132, 0.256345, 0.31525):(-0.621948, 0.186401, 0.759888, 0.0325317):(-1.61, -1.09, 0.21):(9.38, -1.78, -2.19)
(8.49, -2.43, -1.67):(-0.412334, 0.221439, 0.131991):(-0.633728, 0.223938, 0.738586, 0.052002):(-1.14, -0.55, 0.29):(9.41, -2.03, -1.85)
(9.32, -2.65, -1.91):(-0.57705, 0.379609, 0.0632682):(-0.645813, 0.2547, 0.713318, 0.0961304):(0.09, -0.73, -0.56):(9.51, -1.88, -1.44)
(9.01, -2.49, -0.08):(-0.887937, 0.134172, 0.238892):(-0.657166, 0.338867, 0.648682, 0.180298):(-0.35, -0.51, 0.54):(9.55, -2.07, -0.69)
(8.64, -2.09, 0.06):(-0.34143, -0.162534, 0.0349066):(-0.636658, 0.382629, 0.632141, 0.220703):(-0.77, 0.15, 0.85):(9.54, -2.04, -0.92)
(10.59, -2.33, -1.29):(-0.599957, 0.181078, 0.119991):(-0.623413, 0.418396, 0.614258, 0.242859):(1.49, -0.15, -0.39):(9.5, -2.19, -1.02)
(9.57, -1.75, -1.76):(-0.907572, 0.319614, 0.113446):(-0.600403, 0.48938, 0.560364, 0.293396):(0.16, 0.78, -0.71):(9.41, -2.53, -1.04)
(9.87, -2.01, -2.12):(-1.10719, 0.925025, 0.382882):(-0.59021, 0.533936, 0.49054, 0.354858):(0.36, 0.85, -1.72):(9.38, -2.79, -0.44)
(8.88, -2.15, 0.64):(-2.17294, 1.05592, -0.269435):(-0.550659, 0.583252, 0.363098, 0.47406):(-0.69, 0.71, 0.44):(9.34, -2.91, 0.57)
(8.97, -2.28, 1.02):(-1.87841, 0.34143, -0.142899):(-0.44519, 0.648193, 0.244934, 0.567139):(-0.23, 0.77, 0.25):(9.34, -2.93, 0.38)
(9.07, -2.48, 0.9):(-0.99702, 0.083994, -0.151626):(-0.304565, 0.691223, 0.148682, 0.638184):(-0.47, -0.21, 0.84):(9.54, -2.26, 0.0)
(8.52999, -3.33, -0.18):(-0.604321, -0.0785399, 0.15708):(-0.266907, 0.715881, 0.0952148, 0.638123):(-0.91, -0.7, 0.42):(9.45, -2.55, -0.42)
(9.74, -3.73, -1.54):(-0.545416, 0.0490874, 0.0818124):(-0.24176, 0.725342, 0.0470581, 0.642822):(0.41, -0.83, -0.87):(9.36, -2.84, -0.56)
(8.31, -3.89, -0.6):(-0.627228, 0.199622, 0.309796):(-0.216003, 0.730652, -0.0127563, 0.647522):(-0.83, -0.57, -0.04):(9.21, -3.27, -0.66)
(11.05, -4.96, -0.99):(-1.42572, 0.795216, 0.578141):(-0.163879, 0.704041, -0.131165, 0.678406):(1.71, -1.04, -0.7):(8.92, -4.04, -0.22)
(9.18999, -4.87, -0.2):(-1.11701, 0.00872665, 0.665407):(-0.103333, 0.675781, -0.25592, 0.683472):(0.42, 0.35, -0.88):(8.54, -4.8, -0.43)
(6.59, -9.26, -4.36):(-1.30573, -1.11047, 2.06603):(-0.123047, 0.659668, -0.422241, 0.609436):(-0.04, -2.77, -2.14):(6.7, -6.74, -2.38)
(4.99, -9.5, -6.59):(-0.665407, -2.7598, 3.06087):(-0.292847, 0.635986, -0.601563, 0.384583):(3.29, -1.24, -2.31):(1.34, -8.19, -5.22)
(-2.58, -5.41, -1.0):(1.12792, -1.9395, 1.68424):(-0.613892, 0.47467, -0.626831, 0.0698853):(4.09, 2.16, 1.62):(-7.03, -6.49, -2.12)
(-5.06, -4.54, 0.46):(0.392699, 0.688315, -0.565051):(-0.679504, 0.397705, -0.61438, 0.0515747):(2.61, 2.12, 1.34):(-7.73, -5.98, -0.73)
(-4.02, -6.83, -3.42):(-0.245437, 1.61988, -2.4871):(-0.567444, 0.487244, -0.626038, 0.220764):(1.58, 0.62, 0.93):(-4.85, -8.13, -2.53)
(2.64, -7.74, -4.92):(-0.971931, 2.00713, -2.42383):(-0.367004, 0.607056, -0.588135, 0.388489):(2.11, -0.28, -0.23):(0.67, -8.77999, -4.3)
(8.2, -7.3, -4.47):(-0.195259, 1.98859, -2.01477):(-0.0744019, 0.671753, -0.481262, 0.558167):(1.86, -0.56, -0.78):(6.83, -6.11, -3.47)
(8.05, -6.14, -3.32):(-0.127627, 0.318523, -0.333794):(0.0407715, 0.663696, -0.405151, 0.627502):(-0.6, -1.76, -0.85):(8.49, -4.45, -2.05)
(7.61, -7.22, -4.52):(-0.463603, -1.01229, 1.17701):(0.0110474, 0.666016, -0.443604, 0.599609):(-0.73, -2.73, -2.35):(7.83, -5.15, -2.86)
(3.41, -7.87, -6.68):(0.306524, -2.85034, 2.49909):(-0.314331, 0.672058, -0.585266, 0.327087):(1.81, 0.36, -1.67):(0.7, -7.89, -5.76)
(-1.66, -6.05, -3.07):(0.496328, -2.43583, 2.21111):(-0.532349, 0.582764, -0.608521, 0.0819092):(3.65, 1.47, 0.22):(-5.65, -6.97, -3.94)
(-4.4, -3.15, 1.02):(0.646863, -0.106902, 0.182169):(-0.660706, 0.473511, -0.582214, -0.0174561):(3.17, 2.94, 1.03):(-7.71, -5.93, -1.2)
(-4.59, -5.5, -0.67):(0.224711, 1.95477, -1.63188):(-0.60144, 0.50415, -0.611206, 0.102478):(1.86, 1.88, 1.63):(-6.19, -7.17, -2.5)
(1.37, -6.51, -6.67):(-0.503964, 2.05513, -2.30711):(-0.38562, 0.626892, -0.583191, 0.343689):(1.84, -0.11, -0.49):(-0.18, -8.67, -4.57)
(6.51, -8.41, -4.91):(-0.759219, 1.74751, -1.78569):(-0.179016, 0.677368, -0.529053, 0.47876):(1.9, -1.54, -0.06):(4.71, -7.23, -4.64)
(8.83, -5.92, -3.3):(0.0883574, 1.4279, -1.39626):(-0.00152588, 0.670898, -0.425964, 0.607056):(0.26, -1.01, -1.23):(8.06, -4.99, -2.47)
(7.23, -6.03, -3.47):(-0.253073, -0.307614, 0.401426):(0.0256348, 0.672302, -0.396484, 0.624634):(-1.1, -1.47, -1.42):(8.4, -4.55, -2.18)
(4.65, -9.29, -7.22):(0.250891, -2.90925, 2.43801):(-0.216919, 0.679749, -0.565552, 0.413635):(1.38, -1.39, -2.6):(2.76, -7.56, -5.59)
(0.74, -8.84, -4.91):(0.914117, -2.85689, 2.19803):(-0.490417, 0.611206, -0.592957, 0.185242):(4.09, -0.92, -1.23):(-3.48, -8.03, -4.41)
(-2.84, -3.04, 1.41):(0.847576, -1.80314, 0.992657):(-0.666687, 0.486023, -0.564819, 0.0178223):(4.57, 4.08, 2.94):(-7.28, -6.5, -0.91)
(-4.38, -5.0, -0.46):(-0.320704, 1.33736, -1.30791):(-0.663269, 0.488953, -0.563293, 0.0612183):(2.64, 1.48, 1.25):(-6.74, -7.03, -1.1)
(-0.8, -8.23, -3.5):(-0.711222, 1.82714, -2.10203):(-0.490234, 0.608643, -0.554016, 0.286804):(1.45, -0.45, 1.13):(-1.66, -8.98, -3.57)
(3.19, -9.2, -7.48):(-0.68286, 1.66352, -1.89259):(-0.293701, 0.678711, -0.518372, 0.429382):(0.4, 0.21, -3.21):(2.72, -8.27, -4.49)
(7.83, -5.78, -3.81):(0.584686, 2.09658, -2.26675):(-0.0788574, 0.692993, -0.440369, 0.565369):(1.14, 0.56, -1.74):(7.0, -5.95, -3.41)
(8.06, -5.3, -1.84):(2.07258, -0.488693, -0.919571):(-0.0581055, 0.71228, -0.193481, 0.67218):(-0.95, -2.34, -0.64):(9.18999, -3.29, -0.85)
(9.11, -2.19, -0.46):(2.57218, -0.650136, -0.560687):(-0.191589, 0.725586, 0.0184326, 0.660645):(0.22, 0.85, 0.17):(9.47, -2.48, -0.52)
(10.69, -3.34, -0.75):(1.25446, -0.623955, -0.431969):(-0.274841, 0.71228, 0.145508, 0.629272):(1.33, -0.87, -0.32):(9.58, -2.0, -0.58)
(10.09, -1.78, -1.45):(-0.00654499, -0.131991, 0.01309):(-0.303406, 0.709717, 0.203918, 0.602173):(0.55, 0.05, -0.47):(9.59, -1.81, -0.89)
(8.87, -1.72, -0.44):(-0.544325, 0.489783, 0.285798):(-0.286011, 0.708069, 0.148254, 0.628357):(-0.88, 0.66, 0.02):(9.55, -2.14, -0.45)
(9.93, -2.4, -0.56):(-0.347975, 0.260709, 0.00763582):(-0.30011, 0.701233, 0.0880737, 0.640686):(0.21, 0.58, -0.18):(9.33, -3.01, 0.02)
(8.09, -2.2, -0.03):(0.266163, -0.392699, -0.113446):(-0.299561, 0.709351, 0.0962524, 0.630737):(-1.02, 0.9, 0.14):(9.34, -2.97, -0.24)
(10.67, -1.6, -1.03):(0.1309, -0.166897, -0.0523599):(-0.298889, 0.717773, 0.124023, 0.616516):(1.26, 1.1, -0.43):(9.4, -2.71, -0.6)
(9.55, -1.78, -2.0):(-0.394881, 0.598866, 0.448332):(-0.320496, 0.704468, 0.0780029, 0.628479):(0.28, 1.53, -1.95):(9.17, -3.46, -0.06)
(10.78, -1.39, -1.03):(-1.13337, 0.925025, -0.313069):(-0.271851, 0.677429, 0.00134277, 0.683472):(1.29, 2.22, -1.78):(9.08, -3.59, 0.8)
(7.91, -1.4, 1.01):(-1.69733, 0.386154, -0.332704):(-0.150024, 0.663574, -0.0955811, 0.726624):(-1.07, 1.65, 0.34):(9.18, -3.29, 0.96)
(9.52, -1.96, 1.38):(-1.95041, 0.278162, -0.370883):(0.00543213, 0.664124, -0.188843, 0.723328):(-0.23, 0.06, 0.8):(9.43999, -2.58, 0.43)
(9.48, -2.73, 0.3):(-1.56316, 0.381791, -0.0861757):(0.170776, 0.629883, -0.327087, 0.683411):(-0.21, 0.23, 0.2):(9.52999, -2.27, -0.07)
(9.02, -3.0, -0.75):(-1.65697, 0.405789, 0.0567232):(0.272949, 0.565552, -0.44043, 0.641663):(-0.65, -0.47, -0.61):(9.47, -2.51, -0.27)
(9.77, -2.88, -1.32):(-1.66679, 0.286889, -0.0818124):(0.372375, 0.49292, -0.535828, 0.575562):(0.21, -0.58, -0.63):(9.48, -2.43, -0.6)
(10.9, -2.56, -1.47):(-1.26646, 0.462512, -0.422152):(0.495789, 0.38623, -0.631287, 0.454407):(0.7, -0.57, -0.02):(9.59, -1.82, -0.91)
(9.23, -2.47, -0.38):(-0.882483, 0.0207258, -0.0730857):(0.5495, 0.310486, -0.675171, 0.381836):(-0.6, -0.57, 0.81):(9.6, -1.69, -1.03)
(8.93, -2.4, 0.26):(-0.359974, -0.253073, -0.0163625):(0.562073, 0.267639, -0.705261, 0.339172):(-0.59, -0.69, 1.57):(9.55, -1.74, -1.35)
(10.57, -2.72, -0.45):(-0.0796307, 0.205076, 0.213803):(0.556946, 0.257813, -0.718445, 0.327332):(0.9, -0.89, 1.09):(9.5, -1.82, -1.6)
(9.63, -1.68, -1.45):(0.21053, 0.594503, 0.579232):(0.552307, 0.209717, -0.704041, 0.394043):(0.42, 1.21, -0.77):(9.24, -3.16, -0.77)
(9.88, -1.79, -1.78):(-0.22362, 0.838849, 0.27598):(0.578796, 0.154846, -0.680786, 0.421387):(0.95, 2.24, -1.94):(9.0, -3.86, 0.24)
(8.95, -1.79, 0.5):(-1.44972, 0.601048, -0.448332):(0.653076, 0.0714722, -0.66272, 0.359497):(0.26, 2.06, -0.63):(9.0, -3.72, 1.08)
(9.11, -1.61, 1.02):(-1.75078, 0.305433, -0.678497):(0.704407, -0.0205078, -0.678528, 0.20752):(0.01, 1.38, 0.03):(9.3, -2.99, 0.74)
(9.18, -2.78, 0.32):(-2.02895, 0.175624, -0.534507):(0.721802, -0.161377, -0.670166, -0.0620728):(-0.5, -1.16, -0.29):(9.68999, -1.43, 0.47)
(9.46, -2.73, -0.24):(-1.38754, -0.122173, 0.106902):(0.681702, -0.283081, -0.649536, -0.182373):(-0.42, -1.08, -0.37):(9.68999, -1.46, -0.03)
(9.47, -3.07, -0.7):(-0.790853, 0.174533, 0.17017):(0.657471, -0.352295, -0.623169, -0.235046):(-0.28, -1.26, -0.46):(9.65, -1.68, -0.24)
(9.39, -2.54, -1.19):(-0.959932, 0.440696, 0.448332):(0.6521, -0.408813, -0.580994, -0.264832):(-0.23, -0.09, -0.99):(9.55, -2.21, -0.09)
(10.65, -3.44, -0.95):(-1.7246, 0.680679, 0.439605):(0.626404, -0.521729, -0.475647, -0.330383):(1.42, -0.11, -0.98):(9.21, -3.36, 0.04)
(7.51, -3.71, 0.82):(-1.18137, 0.483238, 0.467967):(0.594421, -0.591187, -0.378967, -0.391907):(-1.31, -0.05, 0.58):(8.96, -3.97, 0.13)
(8.69, -4.08, 0.56):(-0.438514, 0.106902, -0.135263):(0.571655, -0.616882, -0.346313, -0.415527):(-0.21, 0.0, 0.57):(8.91, -4.08, -0.01)
(8.69, -3.78, -0.79):(-0.470148, -0.0403608, 0.351248):(0.544556, -0.651672, -0.328857, -0.413086):(-0.07, 0.3, -0.22):(8.79, -4.29, -0.64)
(8.56, -6.17, -2.0):(-0.693769, -0.070904, 1.36027):(0.541199, -0.701172, -0.272339, -0.375916):(0.45, -0.91, -0.5):(7.98, -5.53, -1.33)
(5.7, -9.22, -6.08):(-1.21519, -1.45081, 3.05433):(0.522766, -0.815063, -0.116882, -0.220703):(0.87, -1.99, -2.64):(4.43, -7.94, -3.64)
(0.19, -9.46, -5.13):(0.438514, -2.59618, 2.87107):(0.512329, -0.85144, 0.0373535, 0.105713):(2.37, -0.18, -0.19):(-2.14, -8.47, -4.43)
(-3.91, -4.8, 0.89):(0.0730857, -1.34609, 1.23591):(0.52417, -0.726318, 0.120605, 0.427979):(3.5, 1.45, 2.58):(-7.41, -6.37, -0.73)
(-5.13, -3.84, 0.6):(0.0512691, 1.25555, -1.42353):(0.54248, -0.727417, 0.127258, 0.400452):(1.98, 2.37, 1.25):(-6.95, -6.84, -0.97)
(-2.38, -8.65, -2.07):(-0.436333, 1.66679, -2.1413):(0.580688, -0.792847, 0.0645752, 0.173279):(2.04, -0.4, 0.32):(-3.19, -8.87, -2.68)
(3.37, -6.99, -4.16):(-0.407971, 1.91986, -2.31256):(0.535706, -0.839111, -0.0163574, -0.0931396):(1.3, 1.16, -1.11):(1.7, -8.77999, -4.0)
(9.43999, -6.27, -3.57):(-0.0992657, 1.12683, -1.67334):(0.429565, -0.781494, -0.134338, -0.432007):(2.05, -1.02, -1.07):(7.85, -5.33, -2.45)
(7.07, -5.88, -3.38):(-0.175624, 0.0218166, 0.070904):(0.400208, -0.764893, -0.141113, -0.484619):(-1.46, -1.37, -1.38):(8.37, -4.66, -2.07)
(7.77, -8.57, -6.08):(-0.364338, -2.02022, 1.91659):(0.417114, -0.82373, -0.0895386, -0.373413):(1.02, -2.68, -2.27):(6.76, -6.08, -3.65)
(3.26, -8.54, -8.18):(0.0490874, -2.64854, 2.57327):(0.458618, -0.884888, 0.00390625, -0.0812988):(2.14, -1.02, -1.17):(1.03, -7.99, -5.58)
(-2.83, -6.94, -4.3):(0.205076, -2.32347, 1.73551):(0.492126, -0.818726, 0.0941162, 0.280396):(3.08, 0.91, -0.15):(-5.6, -7.3, -3.37)
(-5.07, -5.57, 1.02):(0.227984, -0.425424, 0.283616):(0.489929, -0.75, 0.118286, 0.428345):(2.25, -0.1, 1.61):(-7.45, -6.2, -1.45)
(-4.64, -6.73, -0.21):(0.400335, 1.53807, -1.38972):(0.533264, -0.765381, 0.119263, 0.339966):(1.31, 1.51, -0.03):(-6.21, -7.3, -2.04)
(1.32, -6.75, -3.55):(-0.304342, 1.68752, -2.0704):(0.531738, -0.846069, 0.0303345, 0.0239258):(2.22, 0.54, 1.25):(-0.71, -8.8, -4.25)
(5.61, -9.11, -5.34):(-0.448332, 1.46608, -2.03549):(0.480713, -0.848389, -0.0540771, -0.214966):(1.0, -0.5, -1.93):(4.08, -7.77, -4.36)
(8.21, -7.08, -3.43):(-0.122173, 1.45517, -1.56316):(0.405823, -0.807678, -0.105835, -0.414429):(1.01, -1.06, -0.59):(7.53, -5.45, -3.1)
(8.17, -4.01, -2.07):(0.148353, 0.474512, -0.463603):(0.374512, -0.74884, -0.14386, -0.527527):(-0.19, -0.47, -0.59):(8.8, -4.01, -1.59)
(8.4, -4.34, -2.81):(0.175624, -0.463603, 0.416698):(0.38678, -0.743469, -0.161499, -0.521118):(-0.24, -0.46, -1.15):(8.82, -3.98, -1.54)
(8.21, -7.53, -5.61):(0.375246, -2.11403, 2.01913):(0.436523, -0.811951, -0.128784, -0.36554):(1.06, -1.52, -2.5):(6.73, -6.17, -3.56)
(2.65, -8.42, -4.75):(0.898845, -2.10749, 2.33765):(0.508301, -0.856873, -0.0525513, -0.067749):(0.82, -0.18, 0.75):(1.66, -8.47, -4.64)
(-2.57, -7.15, -3.43):(0.0719949, -1.85114, 2.20566):(0.531006, -0.815491, 0.0112915, 0.229858):(1.15, 0.18, 0.34):(-3.79, -8.44, -3.23)
(-4.6, -4.97, 1.04):(0.330522, -0.229075, 0.0796307):(0.526001, -0.728455, 0.0574341, 0.435181):(2.22, 2.76, 1.43):(-6.8, -7.02, -0.66)
(-3.79, -7.35, 0.17):(-0.191986, 1.12465, -1.51407):(0.558472, -0.756409, 0.0463257, 0.337341):(1.83, 0.43, 1.56):(-5.37, -8.06, -1.52)
(-0.11, -7.86, -3.23):(-0.31525, 1.37227, -2.03658):(0.59137, -0.796143, -0.0247803, 0.125671):(1.69, 2.2, 0.32):(-1.45, -9.31, -2.69)
(4.29, -8.35, -2.85):(-0.923934, 1.23373, -2.0464):(0.563293, -0.811829, -0.113708, -0.103394):(1.7, -1.35, 0.56):(2.9, -8.73, -3.37)
(8.01, -6.06, -3.98):(-0.47233, 1.26755, -1.86205):(0.475769, -0.782593, -0.187256, -0.355103):(1.24, -0.14, -0.77):(7.19, -5.99, -2.89)
(9.83, -4.94, -0.96):(0.423243, 0.150535, -0.801761):(0.44812, -0.69873, -0.269104, -0.488403):(0.77, -1.38, 0.22):(9.08, -3.5, -1.16)
(8.97, -4.44, -1.04):(1.53044, -0.251982, -0.474512):(0.487732, -0.63208, -0.360901, -0.482056):(-0.44, -1.44, -0.56):(9.42, -2.63, -0.58)
(10.02, -3.08, -1.29):(3.37394, -0.664316, -0.270526):(0.620728, -0.456665, -0.551086, -0.320068):(0.36, -0.82, -1.01):(9.58, -2.08, -0.22)
(9.77, -1.5, -1.19):(3.40776, -0.305433, -0.0959932):(0.707031, -0.242126, -0.65509, -0.110779):(0.18, 0.51, -1.49):(9.61, -1.93, 0.23)
(9.63, -1.96, 0.0):(1.67334, -0.162534, 0.340339):(0.739929, -0.0950317, -0.663635, 0.0549316):(0.23, 0.22, -0.94):(9.52, -2.09, 0.99)
(9.38, -3.43, 0.93):(0.69486, -0.165806, 0.398154):(0.735901, -0.0524292, -0.660583, 0.139099):(-0.05, -0.67, -0.41):(9.38, -2.58, 1.19)
(9.79, -2.22, 1.3):(0.805034, -0.159261, 0.427606):(0.723633, -0.0304565, -0.654358, 0.217224):(0.64, 0.77, -0.16):(9.14, -3.24, 1.4)
(8.75, -3.21, 1.54):(0.598866, -0.133081, 0.102538):(0.709106, 0.00537109, -0.649658, 0.274048):(-0.28, 0.37, 0.0):(9.06, -3.41, 1.52)
(9.66, -3.22, 1.58):(0.0632682, -0.263981, -0.00654499):(0.69751, 0.0103149, -0.652161, 0.296814):(0.67, 0.43, 0.11):(8.98, -3.66, 1.44)
