Accel:Gryo:Quarternion:LinearAccel:Gravity
(6.94, -4.42, 4.12):(0.441787, 0.3807, -0.083994):(0.810913, -0.375488, -0.382385, -0.234924):(-0.51, -0.18, 0.3):(7.81, -4.21, 4.17)
(8.62, -3.25, 2.7):(-0.174533, 0.107992, -0.207258):(0.769592, -0.385437, -0.464233, -0.208984):(-0.48, 0.59, 0.21):(8.58, -3.91, 2.67)
(8.45, -3.72, 2.96):(-0.559597, 0.178896, -0.167988):(0.756836, -0.409058, -0.45282, -0.234253):(-0.15, 0.3, 0.44):(8.6, -3.99, 2.49)
(7.62, -3.71, 2.61):(-1.39408, 0.57705, -0.258527):(0.734314, -0.461487, -0.398743, -0.298035):(-0.66, 0.6, -0.06):(8.44, -4.32, 2.49)
(8.85, -4.76, 1.32):(-2.19803, 0.68286, -0.0316341):(0.661743, -0.543091, -0.322449, -0.403992):(0.18, -0.92, -0.75):(8.48, -4.49, 1.98)
(8.63, -4.6, -0.41):(-2.97579, 0.683951, -0.1309):(0.483093, -0.680603, -0.162537, -0.526367):(0.09, 0.39, -0.63):(8.56, -4.77, 0.2)
(9.15, -3.36, -1.83):(-2.53836, 0.962113, -0.0927207):(0.274841, -0.744995, 0.0291138, -0.607117):(0.33, 0.61, -0.95):(8.71, -4.36, -1.09)
(9.16, -4.04, -2.09):(-1.25991, 0.535598, 0.160352):(0.130432, -0.73114, 0.168579, -0.648071):(0.3, -0.03, -0.85):(8.86, -4.01, -1.23)
(8.65, -4.66, -2.41):(-1.10501, 0.267254, 0.221439):(0.0443115, -0.707092, 0.272766, -0.650879):(-0.3, -0.04, -0.73):(8.77999, -4.09, -1.47)
(9.02999, -3.87, -2.79):(-0.862848, 0.123264, 0.122173):(-0.0591431, -0.677185, 0.402405, -0.61322):(-0.08, 0.2, -0.31):(8.61, -4.04, -2.38)
(8.66, -4.13, -3.11):(-0.195259, -0.01309, -0.0469058):(-0.106445, -0.658691, 0.453735, -0.590759):(0.21, -0.25, -0.3):(8.57, -3.87, -2.75)
(8.5, -3.55, -3.31):(0.198531, -0.0829032, -0.02618):(-0.108826, -0.659607, 0.46051, -0.583923):(-0.19, -0.08, -0.41):(8.52999, -3.86, -2.88)
(8.1, -4.06, -3.59):(0.097084, -0.40688, 0.225802):(-0.086731, -0.667358, 0.464722, -0.575439):(-0.09, 0.25, -0.44):(8.32, -4.1, -3.16)
(7.33, -5.19, -5.35):(-0.162534, -1.06138, 0.851939):(-0.0172729, -0.678711, 0.530334, -0.507813):(0.31, -0.16, -0.75):(6.84, -5.1, -4.81)
(5.45, -5.71, -6.71):(0.0676315, -1.45626, 1.0352):(0.0914917, -0.680481, 0.597046, -0.414795):(0.55, 0.21, -0.79):(4.46, -6.07, -6.26)
(1.6, -6.82, -7.21):(0.118901, -1.53698, 1.01665):(0.226013, -0.670044, 0.637573, -0.305725):(0.3, 0.25, -0.25):(1.02, -6.81, -6.97)
(-2.56, -6.94, -6.06):(0.102538, -1.51844, 0.846485):(0.398315, -0.627136, 0.652649, -0.148804):(0.94, -0.32, 0.37):(-3.26, -6.8, -6.26)
(-5.21, -6.2, -3.89):(0.279253, -1.1421, 0.82685):(0.508667, -0.570557, 0.641479, -0.0648804):(0.23, 0.31, -0.04):(-5.67, -6.5, -4.64)
(-6.31, -4.54, -2.6):(0.454877, -0.975203, 0.567232):(0.58429, -0.520142, 0.622803, 0.0140381):(0.99, 1.55, 0.44):(-7.34, -5.75, -3.02)
(-7.42, -3.56, -1.2):(0.20944, -0.593412, 0.486511):(0.636353, -0.472046, 0.606018, 0.0706177):(0.65, 1.13, 0.45):(-8.21, -5.05, -1.76)
(-7.78, -3.22, -0.19):(0.475603, 0.137445, 0.0381791):(0.656128, -0.444519, 0.600525, 0.106384):(0.78, 1.5, 1.01):(-8.65, -4.46, -1.14)
(-7.44, -4.28, -0.65):(0.517054, 0.649045, -0.542143):(0.654785, -0.441345, 0.612, 0.0436401):(0.75, 0.51, 0.41):(-8.2, -5.19, -1.39)
(-6.56, -5.83, -1.32):(0.109083, 1.01011, -0.752674):(0.612427, -0.46991, 0.634338, -0.0408936):(0.61, 1.25, 0.42):(-7.24, -6.15, -2.41)
(-5.34, -6.05, -3.61):(-0.366519, 1.33409, -0.926116):(0.532166, -0.528931, 0.648315, -0.129272):(0.12, 0.21, -0.02):(-5.42, -7.16, -3.92)
(-0.88, -6.65, -6.12):(-0.310887, 1.37227, -1.13337):(0.360596, -0.605225, 0.653931, -0.275757):(0.5, 0.56, -0.33):(-1.35, -7.81, -5.76)
(1.39, -6.66, -7.47):(-0.30216, 1.36572, -0.978476):(0.223877, -0.639221, 0.6427, -0.358154):(-0.23, -0.21, -0.51):(1.66, -7.32, -6.3)
(4.4, -6.5, -5.97):(-0.246528, 1.01665, -0.775581):(0.113953, -0.656677, 0.608826, -0.430176):(0.07, 0.18, -0.33):(4.17, -6.6, -5.92)
(6.03, -5.5, -6.37):(-0.205076, 1.07665, -0.70904):(0.0057373, -0.65387, 0.581177, -0.484436):(0.13, -0.48, -0.85):(6.14, -5.59, -5.2)
(7.56, -5.47, -4.39):(-0.0730857, 0.647954, -0.452695):(-0.0789795, -0.645691, 0.541443, -0.532593):(0.04, -0.62, -0.11):(7.58, -4.65, -4.12)
(8.06, -4.36, -3.49):(0.309796, 0.22253, -0.256345):(-0.112305, -0.642883, 0.50531, -0.564575):(-0.19, 0.98, -0.46):(8.23, -4.17, -3.3)
(8.04, -3.92, -3.68):(0.10472, -0.0981748, 0.0534508):(-0.116089, -0.644897, 0.496765, -0.569092):(-0.28, 0.12, -0.73):(8.32, -4.07, -3.18)
(7.64, -5.24, -5.61):(-0.14399, -1.24682, 0.956659):(-0.0405273, -0.659485, 0.543274, -0.517944):(0.42, -0.39, -1.27):(7.02, -5.05, -4.6)
(4.76, -5.97, -7.12):(0.0349066, -1.66134, 1.22173):(0.0991821, -0.6651, 0.610413, -0.418518):(0.37, 0.12, -0.71):(4.27, -6.3, -6.17)
(1.57, -6.95, -6.87):(0.0207258, -1.9275, 1.10938):(0.256775, -0.653748, 0.650574, -0.288818):(0.78, -0.4, -0.33):(0.42, -6.97, -6.87)
(-2.21, -6.88, -4.95):(0.389427, -1.48026, 0.927207):(0.400269, -0.6203, 0.651184, -0.176025):(0.83, 0.03, 0.63):(-3.12, -7.11, -5.98)
(-5.06, -5.07, -3.51):(0.197441, -1.33736, 0.673043):(0.533813, -0.564575, 0.626831, -0.0576782):(0.8, 0.55, 0.92):(-6.01, -6.58, -4.06)
(-6.33, -5.49, -1.09):(0.386154, -0.815942, 0.458149):(0.607727, -0.521118, 0.598816, 0.0227661):(0.82, 1.11, 0.6):(-7.41, -5.92, -2.47)
(-7.17, -3.92, -0.53):(-0.0469058, -0.207258, 0.142899):(0.638062, -0.495239, 0.586426, 0.0612793):(0.61, 1.76, 0.65):(-7.93, -5.49, -1.74)
(-7.5, -5.9, -1.44):(0.20944, 0.508327, -0.307614):(0.629944, -0.499756, 0.593262, 0.0377808):(0.29, -0.22, 0.78):(-7.7, -5.73, -1.99)
(-5.88, -6.11, -2.79):(-0.321795, 0.830123, -0.558506):(0.577759, -0.533142, 0.614685, -0.0640869):(0.59, -0.3, 1.16):(-6.29, -6.81, -3.17)
(-4.1, -7.64, -4.33):(0.126536, 0.77449, -0.724312):(0.512695, -0.570801, 0.627197, -0.133972):(0.72, 0.41, 0.08):(-4.8, -7.38, -4.29)
(-3.0, -6.87, -5.5):(-0.355611, 0.914117, -0.777763):(0.437988, -0.605713, 0.63092, -0.207886):(0.25, -0.49, 0.16):(-2.85, -7.76, -5.26)
(-1.05, -8.59, -6.41):(-0.174533, 0.975203, -0.890119):(0.341858, -0.64209, 0.626587, -0.279663):(-0.16, -1.42, -0.07):(-0.55, -7.74, -5.98)
(2.28, -8.62, -5.73):(-0.333794, 0.923934, -0.789762):(0.235168, -0.671814, 0.59436, -0.374329):(0.04, -0.38, 0.01):(2.3, -7.43, -5.95)
(4.45, -6.67, -5.94):(-0.197441, 0.971931, -0.850848):(0.131775, -0.682983, 0.567139, -0.44104):(-0.29, -0.2, -0.61):(4.54, -6.62, -5.62)
(6.47, -5.71, -5.0):(-0.0687224, 0.863939, -0.741765):(0.0458984, -0.686279, 0.528381, -0.497742):(0.03, 0.19, -0.37):(6.22, -5.77, -4.9)
(7.64, -4.93, -3.71):(-0.0665407, 0.619592, -0.473421):(-0.0612183, -0.677368, 0.481384, -0.552917):(-0.36, -0.03, -0.11):(7.92, -4.4, -3.73)
(7.84, -4.02, -3.91):(0.0512691, 0.167988, -0.105811):(-0.0785522, -0.67865, 0.457703, -0.56897):(-0.53, 0.32, -0.51):(8.27, -4.06, -3.33)
(7.8, -4.77, -4.03):(-0.00981748, -0.36761, 0.27598):(-0.0699463, -0.681946, 0.458496, -0.565552):(-0.39, -0.62, -0.6):(8.16, -4.17, -3.47)
(6.85, -5.72, -5.37):(-0.18326, -1.07883, 0.987202):(-0.00842285, -0.690247, 0.508362, -0.514893):(-0.35, -0.75, -1.04):(6.95, -5.08, -4.68)
(4.1, -6.78, -7.07):(0.199622, -1.69733, 1.16937):(0.151184, -0.690308, 0.591675, -0.388):(0.76, -0.66, -0.65):(3.31, -6.6, -6.45)
(0.69, -6.71, -6.29):(-0.138536, -1.43772, 0.990475):(0.292236, -0.67804, 0.619568, -0.266418):(0.43, 0.0, 0.52):(-0.16, -7.12, -6.74)
(-2.58, -6.86, -5.21):(0.190896, -1.21628, 0.904299):(0.40332, -0.646851, 0.628052, -0.156189):(-0.02, -0.73, 0.1):(-2.98, -7.04, -6.13)
(-4.72, -6.16, -4.68):(0.246528, -1.15955, 0.870484):(0.507385, -0.590332, 0.624207, -0.0669556):(0.58, 1.04, 0.14):(-5.43, -6.69, -4.67)
(-6.7, -3.53, -1.0):(0.482148, -0.649045, 0.496328):(0.605774, -0.513977, 0.605408, 0.0483398):(0.9, 1.86, 1.89):(-7.68, -5.53, -2.56)
(-6.55, -5.6, -0.96):(-0.18326, 0.417789, -0.461422):(0.61554, -0.501709, 0.607056, 0.0289307):(1.18, -0.65, 1.57):(-7.57, -5.74, -2.39)
(-6.08, -6.12, -2.66):(0.343612, 0.874847, -0.703586):(0.579712, -0.531738, 0.615967, -0.0421753):(0.18, 0.97, 0.28):(-6.49, -6.6, -3.22)
(-3.58, -8.77999, -4.34):(-0.217075, 0.818124, -0.929389):(0.500061, -0.582825, 0.623108, -0.148193):(1.07, -0.35, 0.35):(-4.3, -7.57, -4.49)
(-1.53, -7.24, -5.68):(-0.2618, 1.19773, -0.937024):(0.411621, -0.629639, 0.610168, -0.248657):(-0.01, 1.48, -0.58):(-1.71, -8.06, -5.31)
(0.48, -8.08, -5.15):(-0.475603, 0.975203, -0.860666):(0.307617, -0.673096, 0.594299, -0.314819):(-0.17, -0.81, 0.0):(0.57, -7.73, -6.0)
(3.5, -7.57, -5.85):(0.166897, 0.881392, -0.961023):(0.228333, -0.691284, 0.560669, -0.39447):(0.49, 1.08, -0.13):(2.96, -7.41, -5.69)
(5.92, -5.93, -5.16):(-0.0927207, 0.906481, -0.880301):(0.104614, -0.706787, 0.490051, -0.499329):(0.02, 0.18, -0.42):(6.0, -6.19, -4.66)
(7.87, -4.91, -3.6):(-0.129809, 0.992657, -0.869393):(0.0145264, -0.700012, 0.443787, -0.559326):(0.51, -0.31, -0.11):(7.55, -5.06, -3.66)
(8.77, -4.58, -2.81):(0.0272708, 0.2498, -0.255255):(-0.0484619, -0.685364, 0.395508, -0.609558):(0.15, -0.66, -0.19):(8.56, -4.07, -2.47)
(8.15, -4.35, -2.99):(-0.02618, 0.01309, 0.0687224):(-0.055542, -0.682312, 0.385132, -0.618896):(-0.45, -0.33, -0.68):(8.69, -3.93, -2.23)
(7.87, -5.15, -3.94):(-0.428697, -0.767945, 0.641409):(-0.0266724, -0.694885, 0.420105, -0.583069):(-0.08, -0.52, -0.82):(8.1, -4.48, -3.2)
(6.58, -6.21, -6.2):(-0.322886, -1.49335, 1.18682):(0.0519409, -0.713928, 0.504944, -0.482361):(0.38, -0.71, -1.01):(6.09, -5.56, -5.29)
(3.21, -6.96, -7.04):(0.434151, -1.88823, 1.15955):(0.198059, -0.715759, 0.573547, -0.345642):(0.46, -0.46, 0.33):(2.42, -6.72, -6.71)
(0.11, -6.71, -5.39):(0.35452, -1.68643, 1.20319):(0.358459, -0.684265, 0.596985, -0.216614):(1.12, 0.72, 0.87):(-1.28, -7.34, -6.36)
(-5.44, -6.46, -3.98):(0.070904, -1.3439, 0.958841):(0.505066, -0.606567, 0.613647, -0.0197144):(0.4, -0.21, 0.8):(-5.96, -6.19, -4.71)
(-6.48, -5.39, -1.79):(0.55087, -0.891209, 0.74722):(0.59845, -0.531067, 0.596375, 0.0645142):(0.61, 1.04, 1.66):(-7.67, -5.47, -2.7)
(-7.37, -4.19, -1.17):(0.357793, -0.113446, 0.199622):(0.647461, -0.476868, 0.58667, 0.0959473):(1.39, 0.94, 0.72):(-8.35, -4.93, -1.37)
(-7.12, -5.22, -0.67):(0.313069, 0.604321, -0.478875):(0.641724, -0.48584, 0.591248, 0.0505371):(0.65, 1.04, 0.3):(-7.92, -5.52, -1.67)
(-6.29, -5.15, -1.56):(-0.0621774, 0.877028, -0.690496):(0.59668, -0.518982, 0.611816, -0.0184937):(0.79, 1.34, 0.97):(-6.97, -6.29, -2.81)
(-4.69, -8.0, -3.69):(-0.244346, 0.980658, -0.947932):(0.528809, -0.571899, 0.617004, -0.112366):(0.63, -1.09, 0.66):(-5.13, -7.29, -4.07)
(-2.14, -7.86, -5.42):(-0.160352, 1.05047, -0.982839):(0.44397, -0.621582, 0.613098, -0.201599):(0.62, 0.77, 0.03):(-2.75, -7.85, -5.19)
(0.84, -8.82, -5.64):(-0.211621, 0.896663, -0.913026):(0.31073, -0.675842, 0.583679, -0.325562):(0.18, -1.39, -0.19):(0.87, -7.83, -5.83)
(3.13, -6.08, -4.66):(-0.0829032, 1.05047, -0.835577):(0.228577, -0.695557, 0.548035, -0.40448):(-0.52, 1.08, -0.05):(3.17, -7.42, -5.55)
(5.43, -6.42, -5.11):(-0.568323, 0.81267, -0.589049):(0.127136, -0.703186, 0.533691, -0.452209):(0.67, -0.15, 0.33):(4.98, -6.42, -5.47)
(6.85, -5.32, -4.92):(0.0163625, 0.803943, -0.635955):(0.0383911, -0.700623, 0.494507, -0.512878):(0.13, -0.04, -0.03):(6.67, -5.5, -4.61)
(8.04, -4.68, -3.89):(0.225802, 0.416698, -0.407971):(-0.013855, -0.696838, 0.439453, -0.56665):(0.07, -0.07, -0.25):(7.89, -4.67, -3.46)
(7.49, -5.02, -3.67):(-0.0752674, -0.0665407, 0.131991):(-0.0137329, -0.69928, 0.426636, -0.573425):(-0.66, -0.26, -0.39):(7.97, -4.61, -3.35)
(7.56, -4.82, -4.1):(-0.140717, -0.543234, 0.47233):(0.00915527, -0.703918, 0.453186, -0.546875):(-0.2, -0.25, -0.42):(7.41, -5.01, -3.99)
(4.66, -7.09, -6.79):(-0.0621774, -1.37772, 1.273):(0.147644, -0.715332, 0.54303, -0.414307):(0.36, -0.96, -0.78):(4.24, -6.48, -6.01)
(1.42, -7.64, -6.92):(0.382882, -1.80314, 1.33954):(0.303223, -0.692688, 0.591003, -0.281006):(1.01, 0.25, -0.55):(0.09, -7.39, -6.43)
(-2.61, -6.54, -4.26):(0.199622, -1.73769, 1.249):(0.449829, -0.641357, 0.60907, -0.123779):(1.07, 0.24, 0.77):(-3.99, -7.1, -5.45)
(-4.77, -6.26, -3.35):(0.470148, -1.20755, 0.74831):(0.559143, -0.575134, 0.597107, -0.00280762):(1.59, 0.25, 0.45):(-6.59, -6.31, -3.56)
(-7.19, -4.44, -1.22):(0.269435, -0.659953, 0.418879):(0.625, -0.512146, 0.582153, 0.0908813):(0.97, 1.25, 0.88):(-8.07, -5.21, -1.92)
(-7.08, -4.41, -1.07):(-0.0141808, 0.415607, -0.291252):(0.633484, -0.503357, 0.580811, 0.0894165):(1.08, 0.03, 0.66):(-8.09, -5.23, -1.77)
(-6.19, -6.0, -1.48):(0.0327249, 0.778854, -0.650136):(0.605896, -0.525024, 0.597534, 0.0132446):(1.09, -0.48, 1.05):(-7.23, -6.08, -2.6)
(-4.46, -6.62, -3.03):(0.163625, 0.965386, -1.08429):(0.553772, -0.564697, 0.605713, -0.0870361):(1.03, 0.79, 0.59):(-5.5, -7.22, -3.69)
(-1.44, -7.54, -5.25):(-0.359974, 1.0472, -1.01556):(0.423645, -0.637817, 0.598083, -0.236755):(0.76, -0.24, 0.32):(-1.87, -8.06, -5.24)
(1.14, -9.15, -6.03):(0.0272708, 0.935933, -1.05156):(0.318542, -0.680664, 0.578491, -0.317139):(0.52, -0.44, -0.81):(0.75, -7.83, -5.84)
(3.06, -6.35, -6.37):(-0.0610866, 1.05156, -1.00684):(0.215698, -0.702148, 0.549072, -0.398743):(0.04, 0.63, -0.57):(3.16, -7.26, -5.77)
(6.0, -7.4, -5.15):(-0.215985, 0.724312, -0.791944):(0.124634, -0.709961, 0.514465, -0.464478):(0.79, -0.97, 0.11):(5.29, -6.37, -5.24)
(7.43, -5.0, -3.95):(0.220348, 0.674134, -0.803943):(0.03302, -0.707092, 0.458618, -0.53717):(0.52, 0.55, 0.2):(7.22, -5.24, -4.06)
(8.24, -4.19, -3.14):(0.0763582, 0.494147, -0.463603):(-0.0264282, -0.696838, 0.411743, -0.58667):(0.04, -0.2, 0.11):(8.23, -4.37, -3.04)
(8.14, -4.01, -2.98):(0.0610866, 0.0992657, -0.0698132):(-0.045105, -0.693542, 0.389526, -0.604309):(-0.44, -0.03, -0.27):(8.56, -4.0, -2.59)
(8.41, -4.09, -2.87):(-0.0163625, -0.173442, 0.114537):(-0.0330811, -0.697388, 0.395081, -0.597046):(0.16, -0.18, 0.16):(8.41, -4.18, -2.8)
(7.94, -5.39, -3.96):(-0.0392699, -1.07229, 0.973022):(0.00531006, -0.709717, 0.427124, -0.560242):(-0.05, -0.85, -0.51):(7.66, -4.84, -3.73)
(6.17, -7.26, -7.32):(-0.0469058, -2.02676, 1.7257):(0.143982, -0.718628, 0.522522, -0.435669):(1.37, -1.03, -1.52):(4.66, -6.49, -5.67)
(0.92, -6.97, -6.04):(0.40688, -2.04531, 1.60134):(0.331848, -0.690674, 0.589966, -0.254395):(0.6, -0.01, -0.2):(-0.39, -7.43, -6.37)
(-3.81, -7.51, -4.58):(0.22253, -1.70933, 1.25664):(0.514709, -0.612671, 0.595703, -0.0695801):(1.41, -0.28, 0.94):(-5.17, -6.99, -4.51)
(-5.95, -4.39, -0.7):(0.533417, -1.39408, 0.915208):(0.619934, -0.533447, 0.572632, 0.0565186):(1.58, 1.96, 1.56):(-7.55, -5.85, -2.2)
(-5.82, -4.07, 0.32):(-0.107992, 0.414516, -0.263981):(0.648987, -0.50238, 0.562805, 0.0982056):(1.76, 0.18, 1.22):(-8.1, -5.33, -1.4)
(-5.83, -5.72, -3.15):(0.116719, 1.18464, -1.12792):(0.601379, -0.552429, 0.577148, 0.0020752):(1.15, 0.76, 0.38):(-6.83, -6.49, -2.71)
(-1.5, -7.26, -4.95):(0.0567232, 1.79224, -1.6297):(0.465698, -0.643677, 0.570557, -0.208069):(0.83, -0.33, -0.16):(-2.37, -8.23, -4.75)
(2.17, -9.48, -5.53):(-0.733039, 1.26646, -1.38972):(0.335754, -0.699585, 0.528687, -0.343994):(0.96, -1.32, -0.13):(1.42, -8.12, -5.3)
(5.16, -7.1, -5.93):(-0.47233, 1.4279, -1.321):(0.180054, -0.730042, 0.488525, -0.442688):(0.71, 0.17, -0.55):(4.61, -6.81, -5.32)
(8.16, -4.56, -4.25):(-0.0381791, 1.35699, -1.33518):(0.0267334, -0.724121, 0.424866, -0.542664):(1.01, 0.21, -0.13):(7.48, -4.9, -4.01)
(8.41, -3.88, -2.48):(0.291252, 0.335976, -0.340339):(-0.0478516, -0.703552, 0.341125, -0.621582):(-0.54, -0.81, -0.32):(8.91, -3.47, -2.15)
(8.79, -3.45, -2.24):(0.301069, -0.0927207, 0.0490874):(-0.0219727, -0.707581, 0.301697, -0.638611):(-0.27, -0.89, -0.32):(8.99, -3.48, -1.79)
(9.06, -4.33, -2.58):(2.17512, -0.865029, -0.319614):(0.0654907, -0.734619, 0.210083, -0.641785):(0.26, -0.77, -0.67):(8.97, -3.59, -1.63)
(9.1, -6.03, -2.31):(3.60302, -1.24682, 0.715585):(0.423828, -0.734741, -0.0941162, -0.52124):(0.71, -1.07, -1.35):(8.29, -5.14, -0.95)
(8.11, -6.41, 0.1):(2.70199, -0.508327, 1.58171):(0.678955, -0.614502, -0.195007, -0.351196):(1.3, 0.46, -1.3):(6.83, -6.83, 1.65)
(5.55, -7.97, 2.36):(0.518145, -0.118901, 1.67443):(0.796326, -0.553101, -0.157776, -0.187256):(1.03, -0.47, -0.79):(4.49, -8.05, 3.31)
(3.07, -7.03, 3.59):(0.186532, -0.116719, 1.11374):(0.833923, -0.537415, -0.105896, -0.0675049):(0.6, 1.85, -0.01):(2.44, -8.64, 3.92)
(0.58, -8.13, 4.14):(0.650136, -0.310887, 0.913026):(0.867065, -0.494263, -0.0551147, 0.0292969):(0.23, -0.37, 0.08):(0.65, -8.43, 4.95)
(0.66, -6.47, 5.99):(1.25337, -0.557415, 0.558506):(0.90979, -0.398804, -0.0440063, 0.106079):(0.89, 0.65, -0.37):(-0.04, -7.2, 6.64)
(0.85, -5.34, 6.82):(0.282525, -0.269435, 0.211621):(0.930969, -0.33075, -0.0618896, 0.141541):(0.58, 0.58, -0.54):(0.21, -6.19, 7.59)
(1.13, -6.61, 8.12):(-0.221439, 0.66977, -0.0959932):(0.932312, -0.327759, -0.0586548, 0.141174):(0.19, -0.97, 0.68):(0.16, -6.15, 7.63)
(1.08, -7.23, 7.76):(-0.277071, -0.149444, 0.14399):(0.925232, -0.347046, -0.0697632, 0.136597):(0.74, -0.79, 0.3):(0.33, -6.5, 7.33)
(-1.94, -6.07, 6.82):(0.656681, -0.0523599, 0.0490874):(0.932617, -0.338562, -0.0112915, 0.124268):(-0.88, 1.04, -0.27):(-0.59, -6.18, 7.58)
